100 1634 7311
0.0
0.0
0.0
0.0
0.0
0.0
0.0
0.0
0.0
0.0
0.0
0.0
0.0
0.0
0.0
0.0
0.0
0.0
0.0
0.0
0.0
0.0
0.0
0.0
0.0
0.0
0.0
0.0
0.0
0.0
0.0
0.0
0.0
0.0
0.0
0.0
0.0
0.0
0.0
0.0
0.0
0.0
0.0
0.0
0.0
0.0
0.0
0.0
0.0
0.0
0.0
0.0
0.0
0.0
0.0
0.0
0.0
0.0
0.0
0.0
0.0
0.0
0.0
0.0
0.0
0.0
0.0
0.0
0.0
0.0
0.0
0.0
0.0
0.0
0.0
0.0
0.0
0.0
0.0
0.0
0.0
0.0
0.0
0.0
0.0
0.0
0.0
0.0
0.0
0.0
0.0
0.0
0.0
0.0
0.0
0.0
0.0
0.0
0.0
0.0
22 20
33 75
96 0
10 92
17 57
26 59
63 45
74 94
76 46
44 82
42 85
30 54
19 13
12 7
30 18
85 81
18 86
28 15
55 11
2 71
60 84
11 84
5 4
5 4
78 8
1 67
89 72
34 14
38 64
64 73
46 25
69 71
38 23
82 44
80 42
30 19
32 68
1 46
6 2
85 96
97 16
97 31
27 57
26 55
97 20
82 62
32 34
97 31
12 35
24 32
78 4
83 87
98 52
79 67
65 91
33 39
15 51
26 87
31 66
96 12
2 17
29 67
98 54
32 53
56 16
34 28
33 29
22 78
86 13
18 48
33 75
69 92
12 35
73 44
46 38
48 43
56 49
63 0
92 69
43 30
2 71
37 81
15 94
34 53
28 68
63 45
97 4
80 85
68 15
59 87
63 45
83 84
39 90
75 46
20 97
82 23
76 46
90 79
33 40
51 95
85 37
2 17
89 37
10 57
34 94
9 67
17 27
49 8
83 55
66 8
1 90
1 99
74 53
34 68
14 15
33 46
28 68
24 34
95 24
75 64
70 3
77 87
59 83
97 22
5 20
53 93
11 83
66 20
66 16
92 57
73 33
47 6
92 27
46 40
31 22
43 30
5 78
99 1
52 54
96 21
26 83
24 28
95 74
84 26
45 85
37 91
35 0
43 18
6 17
49 22
12 7
2 27
74 51
21 80
90 29
99 40
59 61
32 53
53 51
20 5
59 11
64 50
69 92
5 16
80 65
27 17
48 52
22 20
40 76
44 75
46 75
52 86
63 45
21 58
13 52
43 98
42 58
65 72
49 16
64 23
56 16
31 49
74 24
56 49
88 77
95 28
75 50
48 43
83 70
61 59
56 22
24 95
98 18
73 50
62 79
86 19
6 57
2 47
2 69
99 67
70 84
69 10
15 32
88 3
72 58
74 53
47 71
49 5
15 51
50 67
19 86
39 25
11 84
12 36
74 68
80 81
85 37
99 29
11 61
19 86
79 23
73 50
38 29
70 55
18 30
65 85
77 60
93 68
43 13
98 19
39 46
33 64
10 69
39 46
99 82
48 43
79 76
71 92
69 71
90 40
99 76
70 83
23 1
95 14
10 57
17 47
97 22
8 5
15 34
69 71
16 56
72 85
95 51
69 71
6 69
5 78
79 40
80 37
65 96
74 53
16 20
11 26
20 66
23 73
27 47
78 8
74 28
52 86
93 28
51 94
74 28
75 46
45 85
22 66
22 97
38 29
71 6
38 46
95 28
78 4
77 61
31 97
44 82
78 97
70 55
1 9
46 38
31 66
30 19
78 49
65 12
71 47
38 62
76 46
85 45
51 32
99 25
23 73
74 68
43 86
66 31
56 20
96 72
49 31
48 19
49 78
39 64
1 62
46 64
65 85
54 48
60 3
26 84
74 95
17 57
77 87
69 17
60 55
24 95
38 79
72 63
42 35
4 97
50 23
98 86
37 21
34 15
52 13
64 75
69 17
86 30
67 33
11 3
85 89
31 8
52 98
19 54
45 91
22 8
65 80
22 97
26 83
13 19
95 94
28 74
86 48
83 77
77 61
71 47
38 33
37 41
6 27
73 79
86 13
97 5
13 86
80 37
51 14
23 50
55 83
49 97
14 95
5 16
98 13
75 1
24 74
13 48
90 25
51 32
60 70
33 23
42 37
23 73
70 26
10 27
37 0
4 78
94 95
72 80
54 13
46 62
43 86
22 97
78 49
28 15
83 11
11 3
90 99
48 52
90 33
19 30
22 31
32 53
46 99
63 85
38 90
96 7
7 72
23 90
90 67
56 31
7 41
53 15
12 37
93 94
68 14
18 19
6 27
73 39
67 1
82 25
96 36
80 21
11 3
64 67
23 79
22 31
76 44
98 54
37 0
1 46
23 75
69 2
10 92
70 3
63 81
86 19
71 2
23 99
98 13
5 66
6 71
33 23
13 54
85 36
73 23
46 38
46 64
68 24
56 97
42 36
2 10
6 2
19 18
39 9
75 29
43 13
42 12
67 39
14 28
88 77
80 0
78 5
86 98
4 78
64 99
49 4
4 22
56 97
28 14
70 3
78 66
44 39
49 8
35 72
89 85
27 47
77 88
1 39
38 73
96 21
68 15
12 72
19 43
59 11
65 81
16 97
94 14
72 37
87 83
63 80
94 74
56 20
46 9
5 56
64 62
78 56
49 5
99 46
93 24
2 10
95 74
20 49
59 55
79 90
28 34
44 46
10 69
17 27
63 58
77 26
1 62
77 83
89 7
1 73
19 52
63 89
25 67
21 72
78 5
56 97
26 3
67 40
90 9
69 17
71 10
99 38
99 67
77 70
71 2
6 69
70 61
80 81
37 42
12 65
96 45
10 17
19 13
90 23
22 31
23 33
99 46
5 49
17 71
52 98
46 67
21 41
31 78
74 14
43 48
91 35
22 31
32 53
83 87
96 42
87 59
48 18
90 23
12 36
90 39
21 63
27 17
11 70
50 75
20 78
71 6
18 43
39 75
43 98
63 45
91 36
27 10
74 14
38 64
37 85
13 54
64 29
85 58
52 54
39 40
71 47
61 70
51 68
80 21
1 75
14 32
87 60
75 62
2 27
19 86
8 56
55 3
49 5
14 51
90 79
28 53
27 69
85 58
92 47
83 55
90 76
44 90
98 86
62 50
64 82
69 2
49 56
24 95
90 25
11 3
75 25
73 75
67 62
71 27
13 98
7 91
77 70
51 28
16 20
89 36
59 70
95 51
93 32
27 6
16 5
42 41
77 83
70 11
49 4
49 97
92 57
89 36
97 78
90 23
26 84
5 78
64 9
1 67
45 63
48 43
33 76
44 76
74 24
95 15
23 1
67 90
5 97
44 90
83 55
95 32
44 73
70 87
83 26
79 64
20 4
43 98
38 64
0 81
52 18
90 29
79 38
34 51
93 14
77 3
60 87
25 9
59 61
26 84
71 57
1 76
34 95
24 68
85 21
99 90
49 66
1 64
28 34
59 60
17 10
71 92
10 27
31 5
15 53
52 48
48 86
24 14
99 50
52 30
15 93
13 48
35 96
37 63
11 61
19 98
97 16
69 10
63 72
95 74
60 87
49 78
93 15
2 17
59 70
23 64
96 81
6 71
60 55
52 86
98 86
12 45
71 69
16 31
38 90
5 56
24 15
71 57
50 38
38 29
49 78
73 33
54 19
97 31
50 46
7 72
32 28
11 61
4 49
11 83
10 17
42 58
71 57
1 62
56 49
67 46
82 64
95 94
63 45
74 34
75 82
12 45
15 95
78 31
31 16
93 32
19 98
54 30
67 82
14 53
76 82
73 76
27 69
32 95
67 40
49 5
39 38
43 19
37 80
20 49
51 53
17 69
80 65
10 47
74 53
4 5
61 84
24 51
38 90
68 14
99 40
94 28
67 64
76 39
65 89
58 7
32 15
20 5
49 16
71 47
51 74
38 90
41 21
37 91
31 5
69 57
27 17
47 71
83 77
95 93
11 59
70 60
51 32
51 94
12 7
49 78
56 8
80 21
83 87
33 50
97 49
24 28
26 55
85 41
81 36
86 18
8 16
61 26
79 64
5 97
20 4
43 54
96 45
16 49
7 12
94 14
1 90
13 48
11 84
42 58
20 31
78 4
31 16
75 33
97 49
15 68
94 68
76 62
75 67
51 14
68 93
10 47
52 86
15 34
30 19
71 27
11 59
17 71
33 9
78 97
46 76
32 94
37 63
88 83
38 9
24 93
30 54
60 26
22 31
48 30
14 24
56 66
71 92
83 11
10 92
70 83
2 6
87 11
50 99
78 20
45 35
88 55
90 25
46 40
90 46
60 87
94 15
37 96
78 56
6 71
97 20
76 1
17 69
71 47
27 2
50 23
39 29
23 73
6 10
39 62
65 45
44 67
35 81
34 94
39 82
73 9
67 33
82 50
60 55
36 72
14 28
12 63
96 42
72 45
13 86
34 32
65 81
52 54
69 71
75 46
84 59
4 16
46 73
14 94
18 30
56 20
31 66
1 67
76 29
33 40
83 88
2 6
97 22
22 4
2 27
63 0
5 66
1 46
33 76
65 72
67 75
62 29
64 46
56 31
61 26
71 69
3 60
24 51
13 54
48 13
30 48
42 63
5 4
19 30
79 67
93 51
42 37
20 31
13 52
96 42
82 62
74 51
86 18
63 42
59 11
44 1
97 56
56 4
20 66
32 15
22 31
5 78
19 30
78 22
19 54
79 76
28 32
87 55
22 16
52 13
22 97
96 45
52 18
33 29
78 49
79 73
97 66
95 94
60 88
13 30
34 95
90 38
64 99
2 6
74 32
52 98
99 44
31 16
72 80
6 57
82 46
77 11
30 48
24 34
97 4
76 33
27 92
46 62
56 66
35 45
60 88
64 90
64 40
99 46
69 27
30 98
24 15
26 77
35 36
11 61
28 94
84 26
38 44
52 48
1 64
93 68
6 2
50 73
83 84
63 65
32 74
11 61
38 50
33 50
76 67
91 42
59 70
80 65
10 17
85 58
77 88
49 31
4 20
45 37
17 69
11 60
46 62
43 52
44 99
46 39
67 40
9 90
64 44
67 99
76 90
60 84
75 64
99 67
42 45
5 97
38 23
37 7
43 48
63 7
60 59
6 92
10 47
11 61
46 67
56 5
5 16
24 95
74 93
5 66
60 70
67 62
46 9
17 57
71 10
98 13
35 41
95 32
21 41
13 52
16 97
39 9
15 93
38 33
99 1
20 78
70 87
46 23
13 54
26 87
38 33
5 20
64 79
90 33
71 27
78 97
11 60
28 34
51 68
28 24
69 57
85 80
21 41
64 33
11 55
0 35
19 30
15 14
79 50
11 87
37 81
90 50
28 95
43 13
59 83
88 60
54 52
69 17
19 43
75 73
74 28
24 95
17 2
39 76
99 25
49 4
19 98
26 59
43 98
3 77
96 72
4 8
54 13
14 68
21 7
37 91
97 56
83 77
46 33
97 22
38 50
23 1
67 50
22 78
55 11
43 13
74 68
61 88
14 28
12 96
78 49
94 15
99 67
86 48
3 60
67 1
75 67
78 22
97 16
77 26
12 80
27 2
94 51
22 5
50 44
82 40
20 4
51 93
16 22
42 0
1 39
83 70
75 62
71 17
56 22
95 53
36 91
97 56
99 46
99 25
70 84
52 19
80 45
80 45
63 65
51 94
24 68
69 27
8 49
4 8
43 98
98 19
70 61
49 4
6 57
41 45
54 98
79 40
17 71
51 32
26 59
77 60
71 10
11 61
14 34
78 49
31 8
49 66
10 69
18 48
67 82
78 4
26 88
93 74
71 92
15 34
32 94
65 42
32 68
97 22
72 41
52 18
56 22
17 47
14 93
41 65
69 27
10 47
88 70
95 93
50 1
38 64
42 0
15 32
48 52
31 49
59 61
60 88
5 49
59 84
11 55
71 27
39 25
31 8
63 96
16 49
79 64
15 32
14 95
61 59
50 23
2 27
33 50
67 79
63 0
12 58
5 16
19 52
96 35
86 52
72 58
69 47
45 72
65 89
97 56
59 3
37 72
78 56
75 38
37 21
6 71
1 73
27 71
77 84
99 50
74 15
51 93
15 94
38 39
80 42
92 27
14 94
43 52
27 6
95 32
51 95
54 48
18 43
33 50
56 31
14 93
86 52
98 18
37 65
84 70
46 25
89 21
6 10
28 15
95 74
52 19
42 0
30 48
2 71
32 15
78 97
33 64
99 25
62 50
78 16
69 47
42 0
43 13
50 79
39 46
14 53
95 53
31 4
88 55
33 44
32 34
38 44
6 57
59 83
12 65
11 70
51 28
63 41
77 83
78 5
32 51
79 25
73 40
28 74
20 31
90 25
16 20
51 24
23 75
33 1
90 23
23 99
97 5
13 98
89 36
63 91
70 60
99 46
26 59
82 29
4 16
75 46
12 81
1 9
31 66
95 28
80 91
63 80
59 26
75 64
96 36
52 48
14 24
37 45
86 13
42 7
96 7
51 53
63 12
63 7
71 69
77 60
87 83
42 63
51 32
39 90
97 49
22 78
44 90
90 38
26 84
17 47
34 93
34 68
46 79
34 32
89 35
31 5
49 5
16 49
63 80
10 17
35 21
14 53
87 88
65 37
21 80
42 7
74 32
76 29
91 12
64 40
6 57
14 15
27 69
39 76
86 30
2 47
42 41
80 36
48 13
14 93
79 62
74 14
78 56
67 33
42 91
10 69
17 10
33 62
67 79
21 63
19 48
79 67
33 39
33 82
38 46
60 11
96 21
50 44
77 61
13 52
39 44
1 75
80 45
82 33
95 14
46 9
50 90
99 33
16 4
17 6
84 88
1 9
8 66
19 43
32 68
51 32
60 70
35 0
47 17
34 32
74 95
79 62
21 65
85 42
32 15
87 55
97 5
52 98
5 66
42 81
97 66
7 81
69 27
1 39
42 58
42 91
31 49
30 86
2 10
6 92
10 47
17 47
17 92
83 88
1 75
16 66
30 52
3 26
82 75
30 48
8 5
14 74
6 47
42 21
48 43
65 7
46 38
80 58
31 16
33 44
60 84
54 13
37 81
77 84
33 25
5 66
70 84
37 81
69 6
2 71
51 94
86 98
79 25
28 32
1 73
44 62
65 45
86 54
80 36
11 59
51 28
94 28
93 28
52 86
52 54
26 60
17 47
23 90
37 0
60 87
26 84
90 25
50 40
10 69
12 35
73 25
69 47
96 36
87 11
46 99
97 78
40 76
73 39
45 89
69 57
14 28
94 68
37 42
5 4
69 17
21 63
67 1
80 85
4 78
99 82
75 40
56 49
71 10
60 55
60 88
51 24
77 83
70 60
39 90
27 47
17 57
46 62
95 32
59 83
60 84
44 99
42 85
4 5
31 49
45 63
15 51
74 93
4 56
64 29
60 88
46 29
70 55
2 10
45 81
5 56
90 33
69 6
56 16
95 94
95 15
56 78
11 84
69 6
95 15
56 66
31 20
10 6
11 55
5 16
65 35
49 5
34 15
20 78
60 70
9 82
77 88
63 91
80 42
59 60
52 13
95 15
60 11
72 41
64 1
77 84
15 34
60 70
71 57
99 50
52 19
42 36
10 47
85 89
37 35
48 18
61 55
67 33
17 2
65 7
78 56
47 2
93 53
31 22
14 68
93 28
22 4
5 4
44 29
83 84
19 48
16 4
75 67
4 5
13 30
69 17
32 15
75 79
52 18
37 42
27 6
33 90
48 18
26 87
20 4
15 53
71 17
74 68
77 83
83 3
33 64
95 32
57 69
56 78
50 90
20 97
56 66
93 51
89 81
82 67
24 68
8 25
18 16
42 5
84 9
47 34
50 80
0 10
58 28
69 33
56 58
52 55
41 39
99 81
71 4
6 33
74 36
43 4
77 54
78 2
12 11
63 2
75 41
73 50
9 56
8 19
59 81
68 83
59 60
32 70
62 28
62 75
33 76
37 45
86 83
14 35
69 40
47 72
10 79
15 10
3 42
86 14
60 80
21 31
68 84
48 94
8 57
36 64
64 83
20 81
28 6
25 13
12 6
81 70
52 73
13 84
82 39
1 56
45 39
3 17
39 48
76 98
82 1
24 72
31 78
56 32
74 87
30 2
52 31
4 11
8 33
39 95
31 72
70 61
61 24
97 78
14 3
84 73
62 67
30 95
26 15
9 20
59 1
81 27
69 43
16 29
70 11
23 79
25 10
42 49
90 57
45 95
80 73
37 51
37 68
62 11
4 99
66 45
68 0
83 47
28 81
27 80
24 33
6 93
45 82
72 51
99 61
40 75
99 26
76 43
32 59
70 78
59 28
71 90
42 54
43 57
19 64
24 26
22 59
51 3
41 73
56 60
13 32
93 81
59 77
60 43
69 60
57 66
52 35
40 71
88 77
3 27
84 55
9 1
29 44
50 81
99 31
53 95
35 57
62 92
78 75
77 39
53 75
86 52
97 24
60 18
81 39
81 44
51 64
6 78
0 67
46 73
10 16
9 65
56 99
72 19
60 75
21 19
17 39
75 36
19 45
12 61
39 93
93 24
37 54
40 19
81 38
71 10
50 40
56 2
9 29
5 93
48 31
62 77
54 77
30 7
55 79
8 31
27 12
7 69
72 27
79 47
56 90
38 3
21 67
24 27
34 61
12 37
12 64
22 76
57 47
31 90
91 80
41 45
5 93
49 90
25 26
56 99
10 4
86 14
88 26
85 94
77 3
61 34
7 41
58 75
16 38
75 47
14 28
30 0
9 74
66 34
40 71
47 5
27 92
82 3
53 17
67 0
77 78
34 18
26 39
82 45
81 65
67 37
92 61
16 15
35 10
59 95
2 6
69 52
29 48
69 18
57 22
79 68
48 72
30 2
16 82
43 12
87 88
29 72
67 28
70 66
55 60
56 76
32 45
83 48
55 51
57 81
95 45
96 4
35 43
62 31
95 65
75 74
56 9
51 12
15 22
86 19
73 40
78 83
3 78
53 25
34 27
68 81
62 85
57 61
95 36
48 98
79 49
55 66
85 16
70 41
39 18
32 85
52 56
94 24
56 8
57 21
43 76
69 29
77 93
57 12
91 94
9 41
73 99
14 12
53 5
40 32
54 65
73 92
46 84
45 99
45 67
69 67
15 72
80 17
89 27
67 59
2 10
20 24
88 55
12 47
96 39
18 62
72 52
17 22
86 18
44 45
49 93
19 36
48 86
45 97
29 13
81 97
42 31
61 91
40 38
45 14
84 55
92 84
27 64
90 64
51 69
55 38
78 50
95 57
78 89
99 42
87 2
51 43
4 73
67 12
24 73
39 58
69 46
22 26
61 76
89 79
66 42
75 69
16 90
55 96
34 61
71 15
7 32
91 84
12 77
66 21
96 79
39 83
37 86
85 36
94 33
70 29
31 61
84 81
32 36
75 33
13 48
99 70
47 80
41 57
51 85
5 89
85 95
78 24
5 4
93 83
79 0
97 95
5 58
77 22
71 53
22 30
35 22
80 9
87 63
86 2
78 95
44 93
56 89
53 39
46 99
92 76
34 2
61 56
38 95
41 21
69 64
53 62
44 39
34 88
58 97
78 33
4 95
56 60
43 83
83 4
80 88
36 6
47 5
25 91
50 83
21 89
47 54
75 95
98 84
11 58
1 60
55 2
59 68
91 48
68 85
44 38
86 47
7 46
91 33
36 26
89 34
92 85
36 24
10 47
58 41
58 49
3 16
10 7
8 3
71 73
53 34
31 34
30 16
59 49
89 25
48 73
80 83
74 29
47 4
79 91
62 11
90 38
8 33
53 34
58 15
42 60
52 84
71 23
98 39
41 31
4 15
38 83
58 45
35 16
73 31
92 41
3 13
44 10
93 25
53 52
38 9
41 23
68 9
78 75
80 87
25 19
94 50
46 85
99 9
30 77
26 53
69 27
83 45
36 46
96 92
24 75
15 3
50 91
28 82
18 60
92 9
6 89
67 42
59 75
78 69
41 8
21 62
20 87
11 18
50 98
48 93
92 35
6 2
54 14
29 74
8 61
3 99
69 27
84 93
37 3
75 43
60 94
64 29
60 53
1 77
34 94
64 98
47 53
31 95
22 32
85 2
9 45
24 8
96 33
84 3
57 78
58 33
3 25
3 55
65 75
61 16
39 90
67 99
71 76
7 86
87 20
23 1
0 54
65 3
92 90
31 47
73 37
16 80
79 37
25 76
41 93
63 32
34 45
23 51
90 92
52 72
30 1
68 5
74 2
9 47
8 36
89 19
68 18
95 34
72 89
66 18
42 12
19 33
66 9
28 24
65 40
89 6
32 61
25 70
74 99
82 57
4 64
99 60
49 27
4 79
70 52
20 86
7 55
78 93
42 43
99 60
2 26
10 70
70 48
54 22
69 40
38 51
13 80
46 65
80 27
52 59
80 25
79 21
22 51
48 34
56 21
92 19
37 13
73 81
98 27
8 59
65 36
64 72
24 54
95 45
22 89
33 28
21 7
67 18
74 99
48 96
43 55
68 11
56 28
48 26
72 43
56 72
98 47
22 56
98 42
28 42
69 81
89 36
86 37
60 3
8 67
23 27
20 79
11 37
2 91
98 94
62 8
59 85
93 29
60 90
4 95
71 57
3 78
58 19
11 86
49 56
14 46
31 99
12 56
21 86
48 58
55 31
97 27
97 65
60 80
32 99
68 28
45 20
61 37
79 5
44 23
64 93
62 17
89 40
45 53
52 46
2 72
5 81
6 40
19 26
44 31
89 46
60 83
15 31
71 56
82 42
66 6
85 11
33 29
55 28
2 61
71 76
6 40
53 32
33 73
91 37
40 78
85 11
19 8
2 65
58 4
83 94
28 91
50 39
17 34
25 4
87 13
4 7
78 84
34 79
16 30
46 90
90 74
17 39
2 15
35 61
62 76
49 24
92 2
45 6
37 1
79 4
62 24
64 69
79 7
82 51
74 55
6 4
77 42
80 61
11 16
85 13
95 77
38 79
57 44
28 57
26 9
53 28
65 36
46 45
0 59
50 68
67 48
71 64
53 77
75 18
52 34
38 88
75 64
38 21
31 67
28 73
14 39
18 66
8 85
88 26
22 13
1 62
50 64
3 85
43 26
60 26
93 83
44 83
92 51
14 22
48 77
44 56
74 12
92 33
98 32
14 63
84 71
94 85
76 87
31 88
58 66
66 6
88 12
61 21
29 57
34 45
1 43
90 60
13 18
17 19
45 93
61 7
31 36
11 10
33 78
11 98
85 42
48 76
8 89
0 42
83 97
58 88
87 53
53 17
93 73
19 52
15 57
70 50
36 75
8 62
1 30
93 87
30 13
36 56
86 81
31 9
62 26
23 47
49 67
14 46
62 82
74 72
16 10
33 71
47 7
94 65
91 87
40 57
40 47
62 51
91 74
75 89
29 65
76 91
75 22
23 14
13 85
34 1
25 0
49 71
9 18
84 69
41 27
9 96
49 83
37 43
65 18
85 76
83 84
77 13
87 26
22 15
24 1
68 39
2 98
69 62
94 27
89 65
42 59
49 14
82 78
58 37
58 47
16 2
30 94
73 35
73 32
35 23
85 42
62 0
19 12
52 16
98 82
83 47
26 67
71 9
13 6
96 56
0 87
56 45
21 18
58 10
22 7
86 40
98 33
77 5
59 61
10 45
29 37
40 37
8 16
53 25
57 72
31 81
26 41
29 55
1 75
9 23
20 28
61 29
92 79
49 75
18 74
60 81
39 54
83 22
74 24
76 35
38 58
43 84
64 3
72 74
51 30
42 10
24 32
41 5
72 77
48 9
39 23
94 10
97 38
24 93
32 20
62 72
78 8
16 60
20 85
10 79
34 31
99 29
2 3
27 96
71 86
0 83
13 50
76 77
58 68
91 2
80 38
56 61
58 29
66 47
65 99
43 55
81 17
43 41
36 72
17 93
29 50
83 9
24 79
65 20
80 96
98 78
84 3
10 42
64 95
63 5
95 85
72 48
69 36
3 1
23 30
13 90
80 10
22 89
46 52
69 5
44 95
5 73
5 9
98 83
96 94
87 89
90 30
8 60
38 84
71 69
33 99
1 68
87 49
42 30
40 65
50 49
0 59
5 28
53 96
93 10
50 72
94 92
27 33
60 2
84 72
25 22
79 71
38 91
57 46
19 71
39 56
38 52
58 61
80 60
37 77
67 60
75 54
12 1
42 79
39 0
16 3
49 84
76 99
71 20
72 55
44 63
63 56
29 46
37 44
63 54
80 20
64 37
32 14
52 18
35 42
98 72
33 40
83 59
13 37
50 62
24 36
29 28
74 51
94 51
62 31
74 8
10 17
34 10
16 2
93 41
72 4
53 14
10 91
80 3
68 16
57 81
62 46
20 24
82 14
44 35
64 25
56 88
88 33
0 84
20 80
31 7
37 23
9 67
78 89
39 74
59 66
80 90
91 16
89 7
83 45
4 55
7 67
98 64
2 51
62 17
13 56
27 19
49 12
95 42
42 91
57 56
94 87
20 75
73 66
13 79
74 85
77 86
66 32
8 87
65 89
57 64
19 41
84 46
23 9
27 70
32 15
25 36
8 3
49 16
36 17
91 48
2 82
22 77
20 39
42 20
67 87
73 57
63 2
30 68
15 80
46 1
92 98
46 16
68 15
37 29
0 24
68 30
47 71
42 45
36 72
23 48
83 82
56 0
43 39
45 18
64 43
52 63
73 40
8 95
40 80
58 61
46 48
73 90
68 41
46 90
49 20
59 1
78 86
28 26
96 17
38 13
33 81
42 5
73 93
61 33
27 35
36 57
38 70
56 37
99 89
92 6
53 77
11 80
2 74
90 70
32 83
15 91
47 51
87 98
56 80
35 40
93 60
54 65
13 3
40 58
39 51
40 78
52 27
13 12
41 25
6 37
83 84
53 57
40 41
23 51
67 95
93 77
99 35
33 75
10 46
31 89
14 60
40 26
39 53
20 79
94 39
89 16
42 80
54 51
53 10
93 84
87 35
83 18
62 75
25 59
13 22
6 67
83 27
19 38
70 90
5 69
20 39
54 36
92 63
42 68
50 78
28 16
36 13
20 72
58 76
35 93
8 32
5 63
47 40
20 76
42 81
4 62
50 39
6 99
97 11
71 53
36 98
19 84
20 59
44 71
32 39
29 26
30 23
37 77
29 83
38 44
12 69
22 0
38 84
38 64
53 41
68 21
9 85
90 71
1 35
31 53
0 34
67 77
51 59
43 41
70 29
53 71
93 2
27 99
22 15
79 38
7 82
64 28
21 48
73 41
37 15
78 79
51 64
21 69
46 9
43 51
18 53
82 77
41 14
50 92
78 39
73 25
40 31
34 24
32 22
2 74
68 87
82 97
47 50
15 56
30 78
44 25
86 17
12 90
82 2
65 51
68 83
97 48
94 68
9 56
54 41
87 40
76 20
66 2
17 91
39 14
27 22
89 49
32 92
14 71
18 12
45 28
95 14
11 33
27 9
58 19
20 21
74 33
11 65
58 9
31 6
7 11
29 88
52 99
82 30
96 73
8 96
68 60
37 34
96 88
89 38
49 51
60 84
18 64
97 1
90 9
81 47
60 51
33 37
21 74
2 62
21 55
28 3
92 88
49 71
83 82
24 4
15 65
79 75
60 89
75 16
41 75
30 43
78 69
89 13
81 4
65 79
11 45
98 33
12 79
87 39
94 77
9 96
14 90
83 74
77 68
65 79
4 78
48 88
28 29
72 62
51 29
52 34
9 18
9 55
72 44
46 15
34 9
48 89
24 48
30 20
27 60
22 78
99 8
65 43
54 20
24 47
72 21
18 57
66 30
78 35
25 97
80 20
28 65
82 5
53 19
4 82
71 13
57 15
92 20
71 31
27 22
43 93
28 64
26 50
96 40
29 3
5 89
9 42
10 63
64 50
92 51
66 69
65 42
64 79
30 81
48 74
12 36
45 88
61 5
43 54
29 66
65 48
12 21
4 81
13 64
4 20
87 5
59 92
80 53
15 52
45 85
91 80
66 99
69 96
46 80
19 28
25 67
88 73
46 63
17 47
36 38
74 55
37 84
55 40
60 10
84 48
37 87
85 49
6 47
26 11
96 11
48 69
37 88
97 77
35 59
21 17
35 97
90 5
50 30
36 6
95 2
77 93
51 22
58 62
74 40
21 13
91 38
55 99
4 36
23 79
91 49
38 11
36 70
81 15
35 21
22 1
69 10
13 69
95 89
97 39
46 63
7 43
33 63
51 90
3 69
35 72
23 24
4 18
92 55
33 86
73 96
13 73
74 87
59 17
82 25
20 82
78 93
86 68
54 95
37 71
84 17
42 80
25 14
77 29
99 0
67 13
70 68
30 69
52 40
42 22
20 22
0 92
29 53
67 24
50 44
87 73
74 98
53 60
2 81
85 70
83 68
27 29
16 23
86 28
35 42
18 0
83 49
96 48
10 41
44 74
65 84
80 50
35 20
78 50
71 74
21 94
4 2
82 92
25 89
30 51
31 54
21 35
37 25
70 2
37 7
58 24
17 9
17 38
69 25
92 48
82 46
44 86
15 23
37 78
5 71
5 26
12 37
71 81
47 11
58 23
15 72
73 49
51 70
89 85
67 73
48 96
44 27
73 34
84 77
96 13
90 80
23 90
81 98
4 84
40 14
96 67
53 32
45 33
29 3
41 30
81 36
15 44
55 0
41 37
63 84
49 71
58 32
64 37
94 84
95 17
59 1
2 37
86 13
50 56
76 73
84 9
48 35
22 90
59 91
58 11
28 94
1 8
62 92
25 39
42 46
27 37
97 28
41 95
21 31
68 93
56 57
69 1
53 96
72 82
39 8
29 40
2 21
89 49
12 64
47 41
79 87
52 43
37 80
79 88
51 30
34 73
88 81
11 38
65 50
43 97
71 49
84 95
53 51
78 51
9 45
56 21
35 68
18 17
94 85
92 98
98 53
91 70
73 65
84 94
0 49
28 9
35 25
42 48
97 46
16 47
82 39
14 92
13 96
0 55
65 27
14 93
32 26
28 60
77 59
94 88
94 25
11 90
97 52
17 70
1 16
48 65
76 33
52 38
92 94
48 57
80 27
6 62
33 49
53 45
75 39
60 8
97 12
34 83
11 9
37 17
85 31
86 94
57 50
28 17
93 39
21 69
91 61
49 16
78 59
69 46
89 21
24 94
74 8
52 24
98 90
46 72
77 99
50 25
63 50
25 16
12 93
21 96
34 25
28 4
11 6
25 0
98 39
31 85
82 1
94 33
45 30
16 43
79 3
64 38
34 50
95 71
56 67
78 63
64 15
18 73
7 79
87 49
76 24
51 8
86 91
27 26
74 69
5 33
93 23
63 18
80 39
4 16
67 97
68 66
42 44
1 94
60 88
60 3
97 63
52 13
14 61
17 77
74 58
20 91
25 42
92 14
75 63
6 96
47 34
44 99
24 87
96 65
26 78
37 18
65 51
77 6
61 95
3 81
15 63
55 64
64 22
64 76
63 43
35 44
24 81
35 26
74 92
43 35
5 35
48 87
44 19
55 99
30 20
34 87
55 83
62 98
55 33
97 96
63 1
47 34
44 87
0 34
52 51
90 68
91 34
73 50
27 12
26 77
93 75
48 90
21 15
90 25
11 96
56 58
8 88
50 80
43 73
76 96
62 10
7 29
4 89
38 1
5 89
46 92
19 6
51 7
37 99
89 3
2 63
32 30
59 32
36 21
90 22
75 91
98 67
66 81
78 5
51 19
8 10
26 67
91 3
29 13
32 18
36 80
72 70
69 99
80 72
57 8
29 20
22 60
97 69
11 22
85 75
69 5
90 19
58 98
66 7
41 26
14 95
57 70
90 92
43 64
21 56
80 32
57 22
75 41
62 55
38 61
66 24
0 49
50 6
12 97
89 17
68 16
29 3
23 67
56 48
20 92
31 96
10 98
79 7
73 77
88 86
74 94
83 69
98 0
22 76
6 90
86 4
79 35
64 97
81 57
72 71
22 95
73 65
99 45
13 65
99 76
12 69
18 75
89 48
60 10
35 12
25 90
0 59
42 87
96 20
83 61
65 57
87 92
69 44
99 55
86 37
29 3
13 45
70 52
66 7
99 97
61 22
87 58
52 99
36 3
75 18
13 70
13 69
80 23
7 38
43 85
39 79
22 13
13 86
82 0
5 55
33 19
54 10
43 73
0 4
1 34
41 54
39 71
43 23
95 83
80 28
4 69
40 84
20 45
1 27
44 0
19 16
6 99
63 90
30 74
87 21
89 63
85 95
67 28
71 65
98 60
56 8
73 99
55 64
59 44
4 95
53 31
15 18
89 60
67 20
29 82
82 6
73 67
66 15
85 48
83 14
25 39
89 26
50 59
53 25
30 28
77 35
21 96
18 90
35 5
24 56
30 5
16 88
83 33
76 60
35 2
52 36
70 61
80 52
39 40
84 69
8 94
79 85
40 43
3 6
32 24
46 23
66 23
5 59
15 67
4 9
17 52
6 33
69 62
28 14
57 59
81 43
51 5
92 3
64 80
52 71
6 4
1 4
27 29
26 12
49 94
38 25
83 97
63 18
92 18
80 50
97 82
41 47
74 47
74 50
72 61
90 11
54 35
13 92
27 71
99 68
9 2
91 68
54 35
56 20
49 90
46 43
28 79
47 28
78 43
30 21
58 80
84 4
86 71
85 31
43 93
75 19
86 27
27 87
81 1
10 22
92 14
80 61
32 80
69 64
33 88
48 53
16 74
96 77
36 59
20 32
98 43
41 8
7 58
89 70
45 56
89 52
30 75
18 90
14 26
41 96
27 67
23 85
53 98
3 46
27 26
29 51
64 79
31 29
75 13
50 29
44 22
91 94
4 40
79 82
81 91
49 76
3 62
1 49
14 44
86 11
79 97
83 17
58 68
23 6
99 45
35 27
61 43
99 69
36 96
48 87
11 44
33 10
49 18
40 27
61 12
14 8
18 21
74 40
87 9
1 65
69 90
77 38
13 97
22 51
5 95
29 13
40 80
15 81
74 61
29 95
80 48
66 77
15 29
52 39
63 18
46 83
42 77
87 18
57 96
15 70
84 35
34 23
69 15
57 70
28 84
40 61
16 50
92 61
35 72
45 92
99 73
93 2
57 63
24 29
68 98
17 8
64 99
83 93
86 91
36 22
21 33
35 82
7 74
91 60
97 83
70 18
83 44
3 15
33 35
16 57
27 76
36 33
73 75
93 5
62 55
4 29
35 42
62 57
33 29
93 81
0 7
15 0
54 58
96 63
90 16
53 97
40 43
68 71
0 67
74 3
80 62
87 84
5 2
45 41
47 11
33 13
78 21
93 19
27 46
59 24
90 12
74 1
36 27
91 14
23 69
2 83
73 49
21 33
64 0
98 16
34 19
58 78
82 44
23 6
67 7
87 76
14 67
59 54
82 3
53 30
26 81
52 99
1 54
71 99
88 57
36 43
35 83
26 25
63 88
26 13
45 36
54 22
15 30
5 21
58 37
50 95
8 22
51 20
84 62
34 85
14 59
35 21
37 60
13 18
78 57
56 40
10 8
29 1
9 76
90 14
9 28
26 77
67 39
20 50
37 23
3 10
3 12
69 36
26 51
53 48
72 34
4 82
71 29
23 92
58 51
98 11
54 53
61 17
61 74
18 74
96 86
53 70
38 12
12 68
71 75
75 35
11 28
22 24
82 72
53 10
6 61
27 14
73 80
10 29
81 2
76 13
41 74
97 49
14 56
31 68
71 10
76 20
5 70
80 12
98 82
38 31
49 46
61 34
90 2
74 2
12 84
17 34
3 23
73 5
5 84
61 13
6 63
13 77
75 77
55 13
38 34
0 74
99 7
34 77
39 78
51 93
63 29
91 2
52 25
85 88
78 68
53 90
25 70
92 70
70 91
24 2
42 44
71 39
52 33
8 44
22 76
27 94
60 52
91 47
12 49
19 32
30 2
26 48
32 13
69 73
92 8
84 32
60 42
1 33
72 23
71 9
78 2
17 44
56 3
20 36
55 87
40 33
41 67
26 29
82 45
0 64
74 83
66 14
35 57
58 56
75 93
57 35
82 40
52 41
24 49
48 6
70 3
11 16
71 92
90 87
20 30
59 14
54 96
66 6
67 2
19 99
64 8
31 16
59 15
54 2
60 69
1 57
8 40
37 73
41 69
40 95
39 98
11 61
33 78
61 98
89 15
76 48
10 25
39 90
1 78
22 73
5 0
39 56
55 68
25 17
37 19
71 17
41 71
45 85
58 85
36 97
45 62
13 20
90 13
87 65
79 58
55 63
89 8
54 41
70 46
13 29
54 11
25 79
57 75
21 36
10 31
25 43
67 91
29 75
62 76
49 33
58 2
59 76
99 74
48 20
89 75
97 17
90 49
20 0
82 13
83 50
27 95
54 31
51 47
33 23
70 13
74 7
48 37
76 24
52 39
1 13
59 70
37 55
90 62
61 16
28 68
48 5
43 41
58 86
51 55
94 91
74 36
69 27
74 97
99 72
21 94
44 45
45 88
35 6
75 47
75 6
39 34
52 37
1 15
94 92
82 72
53 38
44 0
15 67
33 52
86 48
28 77
78 28
16 29
23 13
90 64
94 43
96 97
89 71
14 45
1 65
75 34
53 88
59 11
21 26
63 60
23 36
54 76
92 84
16 59
13 72
80 58
19 87
54 58
35 31
0 43
46 94
1 11
46 22
29 76
0 28
55 83
23 80
30 89
81 89
71 11
54 28
68 78
8 7
91 6
15 81
75 38
81 80
66 95
19 86
4 58
25 19
10 18
78 13
85 48
80 83
57 18
48 90
96 12
66 16
27 33
77 61
59 3
23 9
45 33
29 85
52 43
53 36
48 36
52 88
58 76
91 21
17 82
46 76
97 43
49 34
65 29
5 24
41 91
48 28
45 24
27 85
5 50
74 60
94 37
13 41
9 7
74 84
11 4
82 57
86 81
6 15
65 89
14 58
76 33
56 49
17 9
8 76
58 48
69 63
5 16
58 14
29 7
53 41
65 36
28 34
75 55
41 60
74 29
18 89
16 65
93 37
63 44
65 41
64 20
75 11
62 72
30 59
89 84
38 4
40 2
96 94
80 57
33 84
47 55
81 39
1 44
50 46
37 89
19 13
88 97
33 88
78 53
15 66
76 15
1 23
83 7
14 26
37 96
44 70
0 69
18 75
19 77
51 47
22 83
71 51
77 65
42 47
41 31
35 65
82 36
79 49
71 34
39 93
46 49
55 20
45 85
18 33
94 92
72 29
73 6
18 45
25 65
82 88
9 29
13 58
80 73
9 68
74 60
12 89
97 53
50 23
37 74
48 93
99 9
4 12
53 82
24 34
50 89
22 64
51 79
59 42
37 27
3 23
12 53
11 44
92 64
0 84
2 65
12 95
22 43
36 49
1 54
35 17
66 59
18 68
62 79
29 22
87 1
82 49
68 36
38 23
76 49
4 78
30 53
79 6
11 86
27 79
7 12
10 72
7 47
83 10
51 82
90 35
89 50
8 62
42 90
17 81
94 89
60 47
18 67
78 51
86 89
76 47
3 94
43 56
5 59
30 29
47 49
34 25
32 46
96 57
74 27
53 90
42 17
54 64
76 50
33 9
35 64
67 30
71 53
80 85
85 79
15 54
40 82
51 71
77 42
39 63
33 51
51 59
72 73
49 80
8 55
50 78
78 80
40 56
20 60
97 54
52 87
52 6
30 59
66 97
53 26
53 2
98 58
23 48
13 16
6 11
78 29
26 4
85 2
80 22
42 76
63 56
66 54
29 92
44 47
85 40
98 37
69 62
58 24
71 74
12 69
45 96
78 81
71 32
94 89
96 37
44 12
72 66
9 69
86 65
20 58
86 55
98 25
1 3
93 38
73 4
14 31
95 49
81 61
42 45
14 27
98 86
50 97
65 4
67 17
8 83
27 30
11 64
96 63
43 12
68 69
15 27
77 5
63 89
71 18
39 70
67 7
35 41
3 73
76 99
16 55
70 65
13 11
1 84
51 48
60 31
9 20
71 96
42 19
50 12
79 12
59 27
34 72
7 19
88 95
4 19
20 43
96 44
38 78
43 32
73 2
29 75
44 20
34 97
92 21
18 55
65 54
81 61
38 11
1 29
83 36
63 68
42 0
46 81
58 31
78 13
71 50
76 28
61 3
72 75
17 50
43 82
95 48
95 67
9 23
4 87
72 44
84 97
57 10
62 63
84 1
49 81
54 37
98 80
46 53
8 43
58 90
84 49
18 69
1 44
36 23
20 18
98 27
89 30
22 64
34 82
80 20
20 6
96 48
96 54
98 6
87 68
77 36
95 56
43 85
37 33
48 99
21 58
98 23
98 2
65 44
78 45
19 2
33 16
61 3
88 64
75 93
81 5
28 15
30 46
60 49
6 94
55 39
42 81
32 37
17 60
21 15
71 15
52 71
40 2
1 97
47 51
53 85
33 87
18 28
24 81
58 50
58 54
91 82
92 82
57 6
5 93
1 16
92 36
79 45
35 92
54 53
14 29
60 40
22 79
25 31
46 82
32 42
21 65
82 8
73 71
71 88
89 19
32 95
48 43
3 72
33 66
47 82
48 55
71 34
1 33
41 43
6 34
17 98
33 3
3 71
22 8
8 58
55 53
8 12
87 20
75 9
44 42
65 41
78 71
83 42
11 49
42 65
67 53
56 54
56 28
50 29
20 98
97 24
89 10
3 72
49 30
40 79
32 59
84 52
49 63
73 78
11 47
43 53
39 92
61 17
15 6
43 86
40 72
4 2
76 78
78 66
29 21
1 41
3 67
31 35
93 84
50 13
53 74
46 78
0 6
60 22
55 95
27 88
22 51
13 6
48 61
30 61
96 2
9 47
1 62
93 15
16 50
22 85
73 96
74 47
69 96
70 16
11 56
72 61
76 3
92 97
15 11
36 81
55 77
45 8
5 3
76 62
59 20
89 78
76 81
32 71
30 80
38 27
34 71
0 99
12 68
19 15
74 14
23 74
75 93
1 28
15 77
2 31
2 28
17 24
31 68
69 98
3 44
11 83
86 80
66 55
43 56
58 20
22 60
40 3
41 28
81 57
90 36
58 85
88 51
51 57
60 39
29 27
79 52
72 95
60 31
4 51
7 88
57 61
22 15
53 61
0 61
32 95
16 74
27 36
54 81
14 32
10 42
33 64
36 63
96 53
93 87
2 64
1 8
62 1
4 77
16 66
44 46
62 88
40 1
17 31
42 39
7 84
22 46
75 62
46 87
60 62
82 88
77 89
93 58
24 70
54 6
8 44
73 46
14 72
78 69
68 10
20 15
10 17
9 28
45 20
28 66
58 92
65 88
78 30
19 79
29 39
34 70
83 4
24 97
38 64
38 50
44 32
98 14
60 39
68 20
19 80
57 54
66 0
99 95
2 67
56 10
67 95
8 4
22 66
98 20
6 82
71 63
17 59
98 43
65 22
42 41
44 87
95 70
41 21
52 38
25 82
99 64
73 48
31 55
44 48
17 95
39 57
96 50
24 66
36 58
7 17
94 33
1 83
94 34
18 81
28 70
5 58
59 91
15 46
46 57
56 6
0 32
96 68
70 3
6 37
19 53
47 72
8 5
18 90
78 20
76 6
7 3
69 10
13 27
33 51
0 53
90 59
35 40
83 2
17 55
6 9
51 61
91 21
84 68
3 1
34 60
88 95
46 7
19 51
72 52
21 23
33 51
61 13
48 43
25 14
62 65
89 77
69 2
47 27
57 65
92 24
8 48
64 38
43 56
43 92
55 11
59 76
4 51
51 46
41 24
19 0
37 40
5 45
16 43
41 91
12 88
82 95
10 31
47 65
1 93
7 66
71 99
33 72
61 42
88 92
80 25
31 61
90 95
83 31
27 16
8 11
62 58
41 80
85 14
49 27
1 18
46 82
78 7
2 8
11 57
12 52
63 0
84 64
80 15
49 47
11 94
51 75
29 3
49 6
30 29
69 74
40 30
45 2
87 78
68 57
49 81
26 48
48 93
56 24
91 84
36 92
74 99
4 19
91 69
23 36
66 55
14 72
89 53
34 16
92 34
29 67
28 24
79 41
49 30
2 66
73 57
6 49
52 59
77 6
78 10
14 36
94 72
51 76
93 51
30 43
80 25
62 37
60 46
6 54
73 81
76 15
17 60
67 14
25 82
7 85
54 31
51 85
82 19
92 28
10 71
0 4
94 80
25 37
83 91
82 78
47 26
22 20
13 83
73 80
61 22
9 44
69 78
74 78
38 89
49 9
81 58
62 38
78 28
67 50
32 37
15 41
1 27
23 88
92 82
21 43
18 94
69 47
50 47
74 16
75 81
30 40
84 8
39 99
51 74
2 39
62 99
84 51
24 47
83 38
28 82
19 76
98 14
57 28
31 71
9 57
80 32
60 34
81 27
10 91
76 23
58 87
85 67
56 40
93 40
15 32
92 38
95 89
18 38
13 23
27 79
94 11
27 17
7 62
10 22
44 66
12 44
64 10
77 9
26 1
90 8
29 78
86 66
10 68
64 25
32 60
1 38
58 69
46 59
31 61
47 51
84 96
88 19
62 72
92 39
60 58
17 22
62 46
22 23
29 28
39 89
50 45
57 15
14 44
22 86
95 77
58 35
76 26
30 50
72 22
57 10
31 97
59 3
9 70
17 3
73 34
0 18
40 59
39 18
83 51
50 4
79 55
6 1
18 86
54 56
26 17
33 34
15 90
39 22
43 49
26 83
23 19
98 13
41 63
36 17
6 17
67 10
24 62
37 8
17 16
31 89
22 13
83 17
22 73
69 58
12 67
42 99
76 74
61 64
5 79
76 99
85 64
6 43
22 96
87 10
31 60
31 89
71 23
7 95
34 76
96 92
29 35
55 94
71 96
86 0
74 66
1 78
85 60
82 71
68 90
6 91
10 94
17 69
25 32
65 20
4 11
59 57
66 84
47 19
0 93
83 1
11 40
30 43
41 49
29 7
97 32
23 50
20 68
92 39
9 4
74 46
54 33
70 97
79 82
41 65
68 69
5 37
91 29
54 31
11 92
91 93
31 8
45 42
73 44
8 16
53 29
53 80
2 19
52 90
30 20
24 73
54 87
71 75
6 94
6 49
43 78
89 4
4 73
6 43
76 72
15 43
95 31
54 65
37 2
30 52
81 70
43 12
1 47
44 22
33 77
38 64
2 54
5 90
9 29
21 23
22 84
77 67
46 3
28 82
33 73
46 88
65 25
89 29
57 39
43 78
25 36
19 90
6 54
25 71
63 88
3 97
81 3
88 33
72 66
32 24
2 81
34 43
75 86
28 36
29 35
10 17
68 7
24 29
27 28
29 85
25 50
7 6
87 84
38 49
31 7
4 13
25 29
98 15
47 38
29 40
83 28
18 55
98 57
30 39
13 36
42 22
76 87
36 75
12 88
81 43
76 59
30 77
14 58
53 7
34 75
40 54
87 31
54 74
93 65
13 1
35 57
64 32
29 67
12 93
23 13
88 10
59 55
28 61
52 69
50 72
4 19
6 48
54 93
65 5
87 17
18 31
55 42
14 83
80 20
19 85
41 28
46 98
69 2
79 51
99 56
1 80
42 49
78 46
88 68
87 49
87 8
49 85
67 10
72 15
83 91
64 48
53 25
68 0
75 79
16 77
33 28
29 58
17 70
8 0
27 23
70 86
45 2
87 86
2 80
95 53
15 92
8 80
86 74
36 31
93 19
64 98
16 73
26 29
20 41
26 9
64 59
22 13
14 90
97 59
93 39
11 56
87 37
76 28
91 52
54 71
54 35
19 59
20 60
91 49
94 99
79 68
94 85
31 35
87 47
71 96
45 8
1 0
96 85
6 13
14 86
99 4
3 40
38 16
87 60
46 79
25 9
20 80
82 18
77 63
63 2
56 1
22 31
29 36
69 6
81 56
18 8
1 25
13 72
66 31
42 48
19 29
62 5
76 25
33 28
42 28
39 65
51 68
99 8
73 60
63 41
35 7
86 73
24 49
29 79
22 98
47 46
86 53
61 89
57 41
48 70
95 17
96 79
32 79
31 94
60 84
12 50
25 4
25 88
96 48
58 33
4 29
66 10
13 24
7 89
77 13
6 9
32 68
40 51
33 10
88 81
83 31
16 90
30 23
10 19
59 4
19 40
25 8
85 55
55 97
51 90
51 62
97 82
39 25
69 90
89 2
8 35
48 70
18 29
58 39
23 66
39 88
43 93
87 95
67 58
33 6
25 30
23 43
17 87
49 41
97 11
43 53
1 15
98 91
90 85
23 88
47 83
5 15
74 45
54 12
20 47
44 34
75 5
74 5
92 60
99 73
75 35
37 38
8 33
19 47
17 44
8 70
69 32
93 29
46 4
72 82
37 67
45 81
68 53
80 6
19 7
60 15
78 23
5 13
90 4
95 41
45 81
64 55
43 60
98 14
5 34
14 24
24 74
85 48
64 26
22 65
29 16
1 22
35 9
69 97
98 47
7 37
68 70
44 82
39 24
25 45
68 77
96 88
39 69
55 15
88 36
56 5
60 86
79 61
13 58
77 45
65 99
16 44
75 66
13 62
61 91
43 33
87 23
28 64
3 51
75 22
61 46
9 57
35 8
82 68
0 78
6 15
70 27
16 99
84 12
81 87
90 79
11 65
96 39
31 35
23 92
41 23
60 2
41 12
7 8
25 45
50 70
78 29
65 23
17 71
36 34
8 26
48 34
54 85
24 5
60 21
55 86
97 49
34 90
68 50
96 31
78 26
80 57
1 2
4 69
22 43
43 23
93 71
26 42
0 14
84 11
59 57
45 63
22 29
2 96
29 31
57 91
98 24
77 7
10 39
86 14
3 51
76 46
97 94
28 86
58 8
71 73
83 61
32 90
69 50
86 52
73 31
72 74
62 7
20 9
63 17
66 74
24 19
17 85
64 14
21 43
48 26
72 62
35 29
79 31
29 39
79 29
12 32
65 64
97 1
0 14
30 12
80 67
74 48
77 89
19 84
24 15
64 23
97 25
92 10
99 40
92 69
77 51
90 62
6 87
52 19
21 32
72 63
57 67
76 8
79 81
9 0
44 14
9 33
96 8
24 78
33 64
43 42
12 78
39 40
2 77
70 67
55 71
55 3
46 94
65 91
92 72
95 74
28 9
9 38
15 69
30 53
76 3
98 63
61 59
19 6
8 76
29 35
71 80
43 61
55 69
79 25
49 11
83 79
73 7
83 44
73 42
11 53
48 83
88 66
5 35
25 20
73 57
37 29
70 17
35 29
86 40
33 47
73 49
35 30
43 89
31 84
68 91
82 1
89 99
14 94
79 12
71 96
19 2
36 73
16 14
91 96
89 68
10 54
41 83
90 2
32 48
77 15
2 97
87 40
40 4
19 21
49 99
9 64
90 7
52 8
82 22
48 55
98 61
81 0
86 18
15 96
45 14
35 72
41 46
53 51
85 25
27 66
83 36
13 91
21 18
39 25
82 0
29 8
65 98
86 40
61 34
89 34
51 14
25 50
63 12
85 6
91 60
16 53
11 39
59 64
35 85
70 0
27 94
94 59
81 56
28 62
79 72
3 32
67 74
14 5
4 16
29 79
36 83
75 20
75 78
56 22
20 94
15 36
95 34
80 87
44 12
7 29
28 40
21 17
97 79
43 3
81 41
26 3
5 6
24 86
9 58
81 15
65 87
14 46
16 61
2 9
48 91
21 96
71 40
55 22
28 34
17 81
47 96
12 44
50 8
88 79
63 52
55 85
31 57
98 8
50 34
27 5
7 33
55 83
11 37
28 20
13 41
70 79
33 3
69 66
6 40
85 1
25 29
11 80
59 83
72 24
49 42
52 8
12 91
67 0
57 58
28 14
68 88
41 24
18 62
74 37
57 67
33 3
63 78
57 83
43 15
50 88
70 10
63 69
30 70
52 73
79 16
64 34
31 49
0 84
8 21
55 69
72 79
4 23
10 78
22 60
83 26
84 56
99 33
70 8
67 81
55 32
53 30
12 97
6 25
21 38
24 4
3 23
25 77
48 32
36 84
23 2
24 14
29 9
82 19
4 98
38 11
69 11
54 11
39 2
73 80
28 55
66 10
63 52
73 26
94 93
32 78
8 58
5 62
99 3
99 71
43 4
23 4
20 3
41 95
74 25
5 78
17 45
56 39
14 60
69 84
12 59
46 72
90 97
1 94
82 45
65 76
29 16
44 79
30 62
6 2
13 72
55 3
11 66
33 43
22 39
6 57
17 90
73 63
39 22
24 55
49 93
96 71
98 29
89 39
65 7
13 82
2 23
33 17
15 18
17 63
18 99
82 77
15 41
59 80
53 77
32 63
86 6
86 80
80 35
66 18
47 29
14 54
93 32
47 67
39 24
24 23
93 41
16 55
97 73
61 0
18 9
4 90
93 58
89 37
21 97
43 31
60 10
96 16
89 6
90 98
70 9
5 56
59 57
85 58
11 17
76 86
26 71
21 66
64 59
19 16
76 79
14 40
35 54
71 11
82 59
24 86
10 23
45 61
81 10
39 0
23 39
46 77
49 55
90 28
77 17
57 32
20 0
43 99
2 58
93 3
63 18
2 12
70 48
78 5
24 62
96 95
82 77
77 29
7 0
94 52
78 47
26 65
85 61
37 59
63 57
9 99
44 83
85 0
8 17
3 46
17 9
34 44
82 7
5 29
25 50
97 0
57 20
68 14
66 77
32 19
85 77
15 58
53 47
28 56
10 37
65 8
92 52
51 94
61 28
71 45
25 62
88 95
38 2
14 56
40 83
53 19
29 66
71 61
61 65
3 69
95 35
29 67
95 17
7 45
29 18
16 21
11 91
83 32
13 49
30 62
3 97
7 43
79 10
90 39
29 81
84 85
90 19
45 29
48 1
97 55
7 26
59 67
21 80
16 97
89 82
4 0
62 57
77 97
51 86
83 81
69 0
81 4
79 28
82 12
75 26
42 2
60 10
93 57
86 48
92 51
82 21
17 14
86 29
27 93
3 50
98 73
87 29
51 96
38 29
18 62
81 26
5 25
95 92
57 32
5 4
35 90
25 51
53 7
2 99
74 16
64 99
73 80
63 80
44 81
24 38
91 71
17 44
9 60
70 16
78 97
84 91
21 37
66 97
78 46
69 30
37 14
82 24
91 82
73 65
28 76
82 6
57 21
42 34
93 44
10 69
97 64
8 31
59 9
69 66
88 87
77 7
32 64
57 28
23 66
56 31
78 67
3 23
99 98
81 19
83 26
10 32
21 65
74 8
99 1
17 11
80 30
15 12
87 4
57 39
64 9
97 96
90 60
77 26
38 9
89 70
13 94
23 35
0 66
41 42
70 43
15 67
59 21
4 64
54 80
26 61
61 94
52 2
5 79
59 52
34 39
62 8
48 84
37 71
71 91
89 32
92 6
28 48
65 32
49 75
2 11
18 71
76 93
4 47
16 41
41 45
96 1
68 96
23 99
37 26
90 78
99 31
67 25
89 63
86 99
87 84
5 6
88 7
5 94
98 79
65 23
17 4
38 77
79 28
70 40
99 12
2 7
86 27
36 20
84 67
54 11
17 13
47 66
1 35
34 62
42 1
7 30
33 26
45 67
30 79
39 70
56 44
84 97
1 62
20 21
53 70
89 41
57 71
89 26
94 73
25 6
71 16
3 12
84 7
78 92
7 19
87 9
83 72
52 54
2 56
92 71
2 79
64 96
31 76
34 79
28 53
90 22
57 98
10 31
86 49
50 39
61 36
76 75
18 37
61 44
55 50
51 91
58 51
86 26
88 80
79 2
29 72
81 8
88 83
70 14
14 8
82 20
50 23
83 99
2 15
49 2
20 72
59 10
28 1
60 67
1 12
19 10
30 31
5 17
68 42
47 32
50 65
16 74
47 83
53 2
17 71
65 10
30 95
15 68
72 84
8 88
22 25
56 53
36 55
46 58
93 13
0 38
1 64
5 41
41 59
71 35
10 51
11 85
7 10
10 65
97 66
81 82
64 63
74 99
38 54
34 30
75 44
49 94
99 30
33 67
56 58
85 36
68 0
22 82
27 45
54 13
48 94
18 81
78 83
92 65
2 43
7 62
80 69
47 30
53 66
39 64
71 78
38 69
81 70
81 71
20 54
26 87
27 63
25 91
27 33
94 26
65 10
40 75
87 8
50 34
18 48
0 19
67 74
57 87
47 16
55 36
20 23
75 28
63 55
2 44
51 74
91 7
41 18
93 71
81 42
37 79
64 27
38 0
48 87
48 78
19 12
84 96
4 70
89 50
38 75
21 25
18 65
51 92
96 9
27 7
46 40
16 90
10 50
99 9
38 16
70 19
55 86
12 48
19 79
29 98
75 74
29 58
9 85
1 8
41 92
57 14
24 65
63 10
2 61
80 79
40 18
32 52
30 87
73 23
64 61
95 82
12 77
69 32
40 44
74 20
12 61
41 33
30 78
67 0
98 32
82 12
26 48
73 76
85 78
52 44
91 7
92 91
82 21
84 16
37 58
87 96
40 55
49 96
2 87
74 11
9 44
92 51
9 93
41 38
78 67
80 69
68 42
62 80
41 53
38 86
88 68
67 79
6 17
53 62
32 74
70 26
97 64
13 2
5 93
38 19
61 57
8 23
4 44
95 58
99 92
9 5
31 54
69 31
62 48
30 96
67 85
46 9
58 21
18 70
86 54
35 14
23 0
15 22
11 43
42 80
89 73
47 38
92 67
19 30
16 13
28 7
3 10
54 51
99 6
72 40
37 25
70 37
52 71
60 30
49 80
59 65
27 73
33 97
21 78
52 74
44 68
42 90
74 56
49 20
40 52
44 84
90 49
31 13
95 19
23 52
87 92
96 42
31 51
0 58
8 31
98 24
45 33
7 35
56 25
34 30
52 65
69 60
55 71
74 71
0 22
91 75
17 70
72 35
81 73
35 50
23 11
18 41
38 1
1 51
51 22
33 49
64 32
40 83
28 95
81 80
74 92
94 74
4 7
12 59
45 52
51 11
8 34
11 34
73 55
90 31
87 74
21 78
97 12
18 98
11 71
52 33
22 18
61 67
45 40
64 40
10 63
52 6
34 56
95 29
0 29
91 54
39 3
61 64
68 66
20 7
39 16
96 42
70 5
53 58
8 88
25 94
29 23
34 2
77 25
91 55
77 14
90 81
53 84
86 53
76 63
64 25
87 45
29 20
74 21
72 96
46 15
27 19
23 26
35 88
74 22
19 84
55 10
13 44
46 50
92 29
58 77
91 45
37 41
44 32
5 75
20 41
42 44
26 22
62 1
39 74
45 41
88 14
30 69
35 26
2 48
68 2
41 53
61 42
3 54
12 20
42 94
38 52
90 30
88 6
5 87
45 67
19 83
70 26
58 41
43 32
81 63
41 43
72 5
72 69
79 51
67 24
15 19
56 62
53 15
28 2
63 87
83 27
36 34
76 86
84 33
90 19
27 43
28 92
48 57
15 19
70 84
40 71
13 33
70 97
66 35
87 20
35 47
84 1
98 7
30 64
86 67
52 53
53 9
35 91
27 3
56 64
46 31
61 67
51 19
95 22
28 56
1 44
78 73
49 16
1 5
54 76
78 52
75 2
82 46
34 88
76 69
74 66
23 46
82 30
81 89
87 56
28 87
46 34
17 5
83 18
73 83
28 51
67 83
37 18
37 62
70 30
79 0
36 50
83 3
38 40
68 28
32 5
12 38
96 82
89 9
62 6
40 81
8 57
43 35
1 3
66 71
65 10
66 1
16 59
85 4
91 1
74 40
35 92
65 89
16 80
81 62
54 33
65 17
67 86
44 43
56 28
18 14
93 6
82 46
15 90
48 4
26 81
23 69
62 84
22 7
57 33
23 70
24 29
37 1
3 22
46 22
95 34
68 37
22 41
41 90
59 47
77 91
73 93
4 3
89 54
4 0
84 60
41 94
24 93
97 12
82 42
3 66
3 85
74 44
92 62
77 36
45 35
36 53
71 96
59 47
90 18
78 7
59 28
58 47
14 57
66 23
84 21
41 5
61 24
12 3
49 75
32 14
26 77
72 97
29 75
40 66
14 17
79 51
71 96
86 93
98 91
11 75
95 46
25 41
75 54
24 32
43 34
44 85
15 24
19 75
92 30
44 92
46 33
0 54
83 61
57 44
43 91
91 81
59 38
31 79
51 18
48 2
78 96
70 7
77 87
57 83
18 7
7 41
86 66
67 2
7 45
87 85
63 55
36 71
8 51
7 77
13 19
67 2
72 13
60 64
14 20
91 28
91 75
55 71
44 20
54 21
90 65
86 75
14 3
61 27
71 56
4 7
4 37
47 10
37 89
76 37
22 82
50 23
68 86
52 77
37 0
78 33
37 23
55 44
93 88
83 27
3 31
29 71
18 46
25 79
68 69
90 55
32 18
95 50
59 65
57 21
18 27
29 28
93 98
91 7
99 8
50 31
63 44
40 93
87 44
89 3
26 61
78 73
0 59
36 98
4 98
56 7
53 72
41 51
22 31
90 87
20 70
26 29
24 63
65 22
71 52
45 28
61 1
40 37
33 77
97 33
38 47
99 84
31 89
80 18
81 60
84 33
57 33
24 8
59 81
95 16
33 86
25 22
91 6
91 26
60 6
69 46
87 26
5 75
40 43
37 19
79 78
67 19
69 16
27 58
81 78
34 44
7 88
97 69
6 34
50 90
9 80
91 95
95 38
3 96
63 65
47 14
88 87
82 74
10 45
79 64
39 82
24 65
37 29
22 50
38 0
1 40
55 3
88 72
2 96
74 25
96 63
19 69
32 51
96 36
57 55
3 79
82 99
86 71
5 46
63 18
89 30
31 91
70 62
29 25
75 70
38 55
60 65
19 48
17 75
60 6
67 17
98 68
79 1
46 63
53 65
80 33
57 35
95 16
73 37
99 54
20 69
78 53
11 6
57 18
8 76
60 82
84 27
36 40
8 41
5 88
20 49
32 73
7 86
53 67
42 65
69 21
58 13
6 47
52 70
6 64
75 14
36 26
40 39
76 33
67 90
25 23
83 55
3 38
69 80
50 5
73 15
62 97
10 9
94 4
58 90
14 5
22 2
85 19
44 12
95 88
69 8
97 11
79 52
18 58
93 34
98 29
24 22
37 29
54 56
30 47
78 92
87 12
13 24
96 87
3 4
10 81
8 40
60 73
29 20
87 19
24 32
88 79
83 61
96 98
5 82
55 15
31 32
1 10
26 12
64 21
47 40
56 12
93 42
70 84
54 93
3 73
24 23
27 2
99 30
22 27
76 81
62 44
50 54
68 18
51 3
18 69
28 58
81 84
18 72
64 76
77 44
28 7
19 5
52 7
17 91
81 80
26 0
13 6
17 14
73 81
27 65
32 78
60 83
55 12
87 17
19 28
96 93
6 25
7 2
4 41
81 95
47 20
6 61
93 17
36 6
12 77
91 92
20 16
80 65
79 38
30 51
58 91
67 85
34 77
54 32
4 51
43 74
34 28
80 57
48 32
97 13
13 34
8 81
21 92
94 58
91 86
11 19
60 87
19 38
90 45
56 58
26 72
36 42
91 62
24 58
21 8
1 91
56 90
33 73
10 11
29 38
84 4
60 45
86 75
87 76
32 59
31 10
70 9
33 20
46 51
40 31
4 55
67 52
42 82
1 94
0 44
24 22
24 4
40 0
91 52
50 92
95 79
24 37
12 53
19 10
65 0
32 68
20 45
96 80
96 26
1 21
1 38
22 25
64 51
32 71
60 95
14 25
52 42
54 6
50 36
71 75
37 41
39 7
38 43
62 23
72 52
46 97
33 62
97 2
2 59
36 64
92 63
52 18
82 68
8 41
6 69
6 62
6 96
5 78
46 80
13 43
29 95
6 68
21 45
83 42
93 71
54 99
62 17
42 76
38 81
73 90
18 50
78 62
59 89
83 4
38 84
43 26
5 9
18 49
47 97
73 6
66 65
32 53
27 38
90 34
40 36
5 14
98 31
37 80
40 48
72 1
58 26
76 77
60 41
19 27
0 20
51 28
60 89
10 3
83 34
39 83
81 41
1 21
72 63
33 84
8 40
78 12
52 58
93 99
41 57
68 6
39 95
26 42
24 21
55 86
50 12
30 75
95 8
68 27
53 87
93 82
24 11
2 29
76 71
25 83
23 70
74 78
60 36
72 53
94 15
34 84
73 8
77 15
31 54
84 12
22 95
55 18
11 19
21 27
72 1
48 83
21 89
22 91
80 22
62 33
53 67
85 66
72 16
87 35
70 15
37 16
47 56
8 29
71 30
93 45
89 38
65 4
46 22
79 2
89 34
82 10
57 78
70 3
21 83
80 83
7 74
9 24
28 36
95 66
66 57
62 64
8 94
76 3
93 1
29 32
24 66
72 99
77 25
70 72
42 96
79 94
36 49
72 5
73 42
8 63
37 77
30 6
74 25
28 94
71 11
34 87
61 85
43 8
1 39
44 3
86 7
6 1
43 57
61 71
73 38
39 6
17 12
11 24
85 53
55 19
7 38
58 35
21 93
25 60
89 74
84 8
6 49
15 55
56 87
76 8
44 82
7 45
16 69
52 18
46 7
59 27
95 63
42 36
26 67
71 64
90 79
78 68
55 83
57 86
96 92
11 40
37 87
92 8
11 38
63 42
24 56
84 6
95 43
46 33
74 51
66 50
90 4
79 86
4 62
7 38
79 20
72 0
17 37
50 49
92 80
19 5
36 25
59 90
65 2
82 65
1 52
45 97
4 38
86 81
73 9
13 49
60 79
65 24
48 12
23 3
53 20
28 56
14 49
91 23
14 36
39 78
25 3
23 24
71 77
29 65
50 30
87 0
45 20
53 23
89 39
67 99
93 11
31 18
59 85
36 31
43 39
10 95
65 1
6 43
52 58
21 68
8 53
82 7
47 54
71 96
34 25
80 86
94 48
40 96
55 30
69 41
97 24
40 41
23 63
31 43
67 3
8 85
6 31
66 44
51 99
78 33
30 5
54 71
0 68
61 16
57 83
63 90
74 38
44 96
67 27
16 76
94 8
48 17
25 51
66 57
48 67
53 42
4 29
14 6
60 26
20 38
98 10
33 16
24 3
56 34
76 6
33 65
39 44
67 34
29 99
95 44
35 58
62 66
44 69
20 10
11 86
58 96
82 76
4 39
79 77
22 73
25 24
19 94
57 59
1 4
1 24
45 97
76 17
65 76
91 94
37 21
76 38
19 65
6 36
37 17
55 31
51 27
75 87
16 92
6 30
89 49
91 28
43 12
24 65
77 53
4 3
90 28
84 2
77 73
80 45
21 18
77 9
96 67
14 83
64 67
81 79
40 4
71 44
37 11
57 61
30 89
29 14
9 0
34 1
14 50
34 9
82 19
19 92
63 54
23 44
70 30
80 22
8 53
34 3
4 50
3 7
7 68
16 10
27 83
67 98
92 15
76 91
68 55
12 51
91 15
77 40
12 81
17 3
14 63
66 16
61 36
53 88
34 4
33 32
87 58
36 19
52 67
9 32
47 60
25 76
74 81
3 95
90 88
4 6
49 83
74 50
8 68
16 11
39 27
38 35
44 19
62 31
52 58
13 81
54 65
50 60
82 8
94 15
54 94
99 14
25 52
31 34
37 11
2 85
67 58
39 90
69 66
89 33
47 1
99 83
15 75
81 42
11 28
49 54
23 96
36 53
89 26
74 68
15 63
91 93
48 90
67 74
52 33
76 27
99 89
79 41
82 50
78 24
85 54
91 94
46 0
91 1
55 29
50 41
66 64
61 75
19 59
69 33
48 99
89 79
20 34
45 68
2 32
98 42
76 46
28 56
46 73
24 9
55 73
35 12
53 62
52 12
82 45
33 70
54 43
16 96
3 30
82 79
60 25
43 26
88 44
9 53
15 17
2 19
7 91
6 56
86 54
42 1
14 11
41 2
92 80
5 99
17 35
35 93
84 80
33 7
68 62
61 31
21 7
66 6
81 48
43 58
29 64
39 24
71 14
35 70
75 9
68 61
55 49
53 21
24 83
61 99
74 19
96 20
32 10
51 16
97 5
36 31
28 30
9 25
89 3
26 96
6 83
17 40
92 29
12 48
73 3
34 22
26 9
48 13
4 13
14 97
40 17
5 91
57 79
96 49
16 14
24 22
63 28
70 56
85 64
76 8
15 0
45 8
74 17
92 47
45 74
64 96
33 42
15 9
27 31
21 70
46 85
51 0
45 0
87 27
89 94
51 76
6 91
56 14
46 14
7 53
30 60
11 0
99 13
75 53
43 95
78 21
31 79
58 54
36 34
22 88
32 82
68 42
57 68
95 77
38 35
30 14
39 70
50 70
91 98
8 70
8 99
87 70
79 77
76 51
62 66
12 39
47 11
13 87
21 16
0 59
28 10
96 42
95 70
90 6
7 27
61 18
85 82
85 45
98 8
24 88
96 83
99 26
20 62
15 16
23 89
23 60
94 83
97 50
75 62
55 30
64 48
29 75
26 55
96 64
34 0
85 69
68 17
3 7
88 57
49 34
70 56
72 92
99 28
5 17
18 55
25 41
31 22
64 87
95 80
69 53
10 46
63 72
51 15
92 51
40 77
10 25
19 91
64 63
55 22
51 75
85 93
27 97
66 33
43 97
49 41
6 61
94 42
11 6
53 31
3 55
99 12
47 31
97 40
48 41
69 43
14 45
85 99
78 32
16 85
60 33
0 95
96 31
83 60
52 11
78 29
13 74
36 88
26 53
30 56
83 72
91 75
77 86
75 9
5 60
7 22
93 57
80 52
61 50
81 59
99 64
14 25
65 40
72 24
24 84
65 68
27 72
90 33
79 41
13 98
57 37
83 19
92 62
82 38
24 42
12 27
81 94
99 76
46 84
2 26
90 99
19 55
28 76
96 99
97 86
41 50
65 16
28 12
80 88
51 30
92 30
48 81
67 62
35 65
73 45
50 77
75 54
12 71
41 63
37 84
9 61
12 41
82 8
37 4
52 32
30 18
50 69
94 98
69 47
67 7
19 17
83 1
15 75
49 27
20 11
85 97
76 31
89 53
78 61
76 55
48 64
93 2
29 9
43 25
81 62
23 2
88 16
81 67
43 28
80 47
90 15
54 53
62 6
1 84
81 97
58 6
13 4
73 44
44 78
76 49
19 44
55 7
89 29
16 97
76 82
41 96
1 56
94 42
31 7
79 21
41 81
9 31
29 6
84 52
95 66
6 29
65 82
10 48
78 67
59 13
47 30
16 11
19 95
59 14
41 44
76 68
5 96
50 5
76 68
95 67
39 56
84 31
82 39
73 18
78 34
1 57
95 61
19 54
69 29
73 25
52 57
37 31
9 68
25 66
55 99
66 43
5 7
69 82
92 38
23 28
21 61
87 26
15 40
20 9
74 95
9 57
30 68
44 61
14 61
69 35
74 75
79 19
72 22
7 9
99 59
11 23
68 20
6 81
84 82
85 38
65 88
22 42
2 25
50 51
3 86
12 87
43 82
88 51
20 44
50 32
74 87
20 92
53 10
20 99
93 27
30 5
94 1
76 48
99 26
18 73
28 59
12 19
6 16
97 91
67 4
30 93
10 82
55 93
73 27
72 16
3 34
58 11
21 64
95 83
11 39
80 81
86 55
14 95
69 83
19 69
25 48
19 43
68 90
97 63
90 27
11 71
53 8
77 81
71 54
32 1
71 57
85 49
56 12
58 44
67 45
96 11
30 75
53 18
53 46
38 21
65 22
52 46
42 23
56 29
29 62
85 82
64 25
88 73
94 34
73 87
15 30
74 44
27 25
87 70
4 74
35 0
37 95
42 6
40 93
49 41
54 15
80 12
2 71
37 9
29 61
71 20
86 73
64 1
19 90
53 78
74 26
96 40
46 83
80 74
93 32
16 26
49 53
97 35
66 83
0 31
91 73
65 59
52 67
55 60
84 47
98 82
99 7
52 97
13 73
2 97
26 85
8 52
84 16
27 4
12 71
10 68
84 25
16 86
64 57
39 82
97 5
98 10
87 62
33 52
41 14
99 42
23 70
68 59
79 58
24 81
79 18
79 73
10 6
8 15
96 84
40 65
62 17
34 79
75 5
4 8
29 90
88 27
19 4
37 8
17 93
30 65
38 74
54 70
87 35
81 62
95 99
10 32
2 29
62 66
84 13
86 93
72 61
95 83
33 28
5 43
27 21
12 39
95 69
25 85
45 24
56 82
3 27
0 25
93 6
3 13
52 92
35 15
44 43
48 31
98 39
7 45
2 38
18 70
87 94
5 60
81 62
71 70
35 45
34 1
31 1
30 13
58 94
86 60
2 43
86 52
68 32
18 67
38 55
24 5
48 9
10 12
86 48
69 23
95 53
63 86
75 81
86 33
39 64
61 62
19 4
78 20
70 15
3 2
48 20
83 92
65 3
87 72
28 49
10 4
65 46
3 4
69 30
66 47
16 76
49 58
65 73
14 42
71 24
49 33
98 91
21 43
79 94
61 30
30 36
69 46
29 75
60 74
73 94
39 6
45 58
87 81
26 94
29 38
74 77
59 35
1 32
92 37
4 59
15 87
81 92
93 61
28 30
25 13
93 80
57 80
81 16
31 79
70 86
41 20
8 57
49 57
82 41
52 42
78 81
6 46
63 89
67 57
82 31
76 32
94 61
62 40
87 80
4 82
6 82
1 59
41 34
88 47
1 76
80 12
97 46
85 46
37 9
50 84
23 80
34 51
24 42
94 83
47 38
50 27
84 94
24 9
97 37
11 79
94 45
52 92
22 93
7 23
62 47
19 58
73 22
93 32
38 25
11 56
36 88
41 85
84 89
19 80
33 62
79 68
14 32
10 90
24 98
30 98
15 85
20 83
30 16
23 63
90 55
48 40
39 21
88 58
0 72
23 46
48 95
66 88
5 21
80 7
92 2
49 93
86 39
68 34
98 20
48 60
28 0
43 42
70 59
39 71
84 60
59 30
31 36
65 13
6 44
19 6
86 72
17 36
57 81
3 16
18 3
77 94
36 84
16 79
92 93
76 46
67 29
49 3
82 12
57 64
6 17
74 82
22 45
84 49
3 33
20 12
21 52
46 51
80 38
26 98
61 48
89 91
51 20
6 54
20 88
66 63
62 57
58 25
36 27
66 22
15 2
66 44
70 63
92 75
83 15
99 16
51 82
5 6
8 23
1 52
76 5
92 28
57 93
77 73
20 97
96 86
61 55
74 37
79 15
44 64
44 35
98 11
65 11
5 99
69 19
13 26
44 3
19 73
91 14
79 44
71 28
20 82
38 48
41 69
0 81
76 23
99 65
73 25
70 89
40 99
84 91
38 61
52 70
19 1
84 87
22 94
96 89
81 27
19 27
2 58
18 42
88 7
80 51
47 98
60 29
11 37
15 28
69 13
53 55
93 23
77 56
29 0
37 27
70 66
27 38
25 57
43 69
0 5
4 86
22 47
42 4
74 27
85 46
5 42
75 64
90 95
63 38
29 15
78 37
85 44
96 2
4 30
39 43
56 98
57 50
96 47
54 4
42 48
72 69
74 82
35 68
85 68
99 45
51 27
21 6
18 37
80 6
98 62
28 97
58 65
85 83
88 28
61 58
57 8
74 40
59 54
21 37
80 60
66 41
44 81
83 9
27 28
30 78
76 45
73 50
37 95
71 65
22 64
46 26
46 5
28 40
76 52
16 2
36 38
13 91
55 76
75 0
1 78
29 14
85 95
62 29
36 32
91 76
12 98
17 68
68 79
54 63
20 71
50 51
72 29
40 30
30 29
22 88
96 2
15 41
82 71
90 71
90 84
74 71
69 17
4 76
46 47
26 39
14 65
94 31
34 1
3 16
89 11
54 11
12 2
50 72
44 72
50 92
74 58
54 46
28 42
34 27
46 83
83 0
34 68
56 29
46 2
3 50
57 81
91 9
72 7
54 12
33 71
14 47
36 74
69 67
85 42
21 90
24 4
76 8
16 66
10 17
39 84
26 38
22 88
87 22
46 84
1 20
46 95
79 10
61 45
0 89
2 14
96 7
1 98
67 48
7 84
1 4
80 14
0 63
13 12
76 30
7 74
7 67
52 23
45 38
6 44
21 32
46 76
80 44
52 21
26 80
59 21
49 42
87 5
51 27
13 65
21 20
51 23
71 16
24 89
74 97
5 68
42 66
53 36
81 15
58 72
31 34
89 55
31 0
15 72
73 51
2 35
23 56
43 75
83 41
38 2
0 70
85 56
40 55
53 15
49 81
89 63
64 72
26 69
65 74
2 85
58 88
67 59
36 4
37 42
46 31
84 39
70 45
7 73
80 5
37 1
30 8
87 58
84 3
30 52
57 16
89 27
72 36
75 47
42 90
58 7
87 85
82 49
43 57
82 14
7 35
40 22
4 70
76 70
80 1
49 99
45 78
5 23
62 64
1 43
85 74
21 18
71 32
75 39
12 47
73 35
14 25
59 2
91 41
96 21
96 54
35 87
21 67
92 51
92 26
24 41
28 50
53 27
42 97
27 32
39 94
54 58
88 32
77 54
19 58
32 13
23 25
8 34
33 25
3 47
25 89
24 10
63 87
48 38
61 26
23 84
48 86
48 36
10 95
98 81
7 56
57 92
57 31
59 65
31 91
62 22
14 58
94 60
90 4
24 48
32 29
91 89
16 29
4 84
25 13
8 36
91 64
46 16
54 3
76 45
10 24
65 79
37 2
67 35
39 45
42 4
74 55
50 44
67 41
62 37
78 99
67 90
26 86
47 27
93 23
46 88
62 54
60 63
61 65
21 20
75 25
0 69
53 80
16 33
66 46
2 76
33 12
95 45
34 15
94 35
14 31
79 37
58 80
68 51
47 88
85 97
27 39
73 76
98 19
7 84
84 70
73 0
40 9
64 59
26 41
77 72
70 37
36 67
52 59
19 7
60 58
3 30
34 41
6 76
12 3
43 6
32 92
89 70
13 93
84 60
22 99
57 2
56 28
56 89
18 87
42 35
87 56
96 2
18 32
67 45
48 8
88 93
13 78
90 66
7 20
42 15
95 9
41 86
54 97
94 20
50 82
98 90
49 62
92 13
11 38
95 37
10 70
65 12
52 41
95 46
94 97
33 74
50 97
93 43
57 55
31 4
63 21
67 77
80 68
7 15
93 76
28 62
15 27
48 17
16 46
76 14
83 25
90 30
16 15
47 56
14 42
62 0
63 37
26 18
75 60
21 15
99 59
48 37
55 29
30 79
47 43
51 22
1 16
72 26
33 30
0 83
96 6
68 83
47 76
51 74
65 79
47 37
17 13
81 2
88 92
69 36
56 29
32 76
15 27
54 9
27 89
1 59
24 54
30 70
3 86
53 87
4 51
55 64
78 24
86 67
92 53
47 65
0 3
37 3
3 56
41 69
78 23
99 5
19 65
47 57
45 89
37 69
87 57
72 28
63 66
85 36
91 16
56 19
33 50
72 34
11 96
1 36
54 6
77 50
26 3
1 11
10 11
16 27
39 44
53 34
18 63
3 14
39 89
74 32
89 80
23 80
38 69
33 43
97 14
8 47
71 20
50 64
63 33
57 30
92 40
35 98
9 74
50 31
14 25
10 63
88 9
5 92
12 83
0 60
92 44
17 87
0 29
46 79
20 23
52 21
92 40
69 39
56 94
61 18
83 2
11 54
74 13
82 25
10 92
0 7
38 86
82 72
69 97
19 40
33 70
93 2
57 35
61 91
75 82
80 85
30 61
76 10
37 11
12 61
52 9
79 67
46 87
58 49
63 74
95 33
72 47
33 43
53 79
51 49
55 69
98 70
1 52
34 76
50 76
57 69
84 44
70 3
67 90
35 79
41 14
12 59
99 75
19 34
25 80
49 13
13 22
14 50
86 92
59 3
75 23
80 48
25 67
18 80
43 37
68 33
81 25
65 69
25 48
76 43
95 1
96 58
39 61
79 1
3 32
9 40
37 18
38 6
74 49
54 92
13 14
64 27
34 61
34 39
89 42
81 63
12 39
91 16
50 72
81 11
31 64
5 89
27 4
37 98
85 39
95 44
26 65
63 54
41 43
6 52
2 35
19 96
5 54
31 39
21 75
44 37
79 60
20 71
53 40
14 92
80 29
66 57
87 52
49 73
97 72
4 21
29 75
18 14
40 67
42 83
29 46
13 37
44 37
58 0
56 21
74 29
61 33
23 20
58 5
98 39
36 52
40 55
91 1
89 96
7 94
97 51
52 55
6 63
96 15
45 56
17 31
54 53
70 19
23 30
97 30
92 72
52 96
86 29
50 19
96 25
51 7
97 75
98 48
18 79
22 81
39 10
65 26
35 65
63 3
55 13
14 37
80 35
50 90
43 37
84 59
25 7
62 88
58 12
62 61
90 1
22 26
56 93
13 97
70 90
54 51
22 57
31 27
91 95
95 83
88 74
25 2
95 35
67 33
62 96
3 31
52 76
71 90
88 62
81 10
34 50
15 76
9 53
87 2
72 51
41 30
19 80
32 77
37 97
61 8
44 81
51 37
7 0
18 20
88 55
85 5
95 43
50 7
28 8
12 62
8 51
6 12
94 38
21 53
90 17
22 0
47 95
34 10
19 99
79 80
15 71
45 54
47 28
93 23
20 23
99 77
83 81
15 20
3 31
15 51
12 11
12 74
6 85
61 30
84 49
