50 883 1135
0.0
0.0
0.0
0.0
0.0
0.0
0.0
0.0
0.0
0.0
0.0
0.0
0.0
0.0
0.0
0.0
0.0
0.0
0.0
0.0
0.0
0.0
0.0
0.0
0.0
0.0
0.0
0.0
0.0
0.0
0.0
0.0
0.0
0.0
0.0
0.0
0.0
0.0
0.0
0.0
0.0
0.0
0.0
0.0
0.0
0.0
0.0
0.0
0.0
0.0
18 27
41 1
12 11
27 39
18 39
45 29
39 42
17 47
46 35
49 3
37 7
27 20
32 46
1 36
16 13
45 30
30 10
17 33
43 34
19 12
9 7
45 32
9 27
38 3
2 3
1 48
33 31
33 34
27 39
34 31
40 19
33 43
17 30
14 32
23 32
39 49
26 25
39 19
32 33
42 9
13 39
32 24
42 38
18 5
26 41
6 23
17 6
27 2
22 18
4 21
25 10
17 24
16 22
33 36
16 0
36 10
27 16
2 3
43 30
32 43
42 4
16 0
32 8
4 12
14 30
48 17
27 9
40 37
28 46
21 18
49 40
32 26
42 39
6 33
35 47
20 9
4 0
18 13
1 14
6 26
25 30
40 49
3 21
39 20
15 5
6 46
39 18
38 11
17 26
5 49
3 13
33 43
38 0
20 12
30 41
23 28
25 29
40 4
1 48
45 34
48 35
33 41
24 47
2 19
34 46
42 39
46 45
8 10
40 49
8 43
39 16
38 22
5 0
25 28
19 42
37 19
12 7
15 21
42 22
4 49
9 18
43 34
37 16
30 10
4 9
25 30
6 31
33 14
19 12
18 5
30 1
31 6
12 13
40 21
18 13
13 0
19 9
42 22
32 33
27 16
16 42
37 19
33 47
26 24
24 17
46 36
39 12
13 16
47 48
25 32
26 24
40 0
46 17
28 10
34 30
11 37
3 18
35 36
37 3
8 17
19 39
40 3
12 5
15 40
30 14
36 31
24 17
31 8
35 6
12 16
11 38
0 19
5 7
1 23
9 3
37 39
12 7
36 26
36 23
40 19
11 40
27 20
39 22
39 20
8 29
18 21
14 48
27 2
23 41
37 19
45 47
27 9
20 16
24 41
6 30
19 3
39 9
48 41
29 17
46 6
8 26
37 15
26 46
9 22
37 4
2 7
48 45
5 15
8 45
2 22
40 5
16 42
16 12
26 25
1 30
17 46
15 42
1 41
13 5
1 23
35 24
30 34
16 11
45 25
40 22
32 1
26 46
9 39
35 10
33 35
37 19
31 32
47 14
11 37
8 24
32 34
12 27
31 14
12 0
45 35
1 46
21 5
27 4
34 32
9 49
14 28
12 3
30 28
3 20
2 20
45 8
22 11
46 41
0 5
5 4
25 23
49 44
27 15
16 3
1 47
46 47
33 46
11 49
29 28
6 23
5 3
2 13
5 12
37 38
31 46
25 45
13 20
22 4
18 40
47 24
9 11
25 8
18 44
13 16
34 45
38 3
18 4
0 11
7 2
27 9
19 49
48 36
35 1
0 9
49 27
40 20
23 48
33 28
48 34
36 41
22 7
26 34
15 39
21 12
27 18
48 34
18 22
41 26
5 4
30 24
14 8
16 0
46 32
7 11
33 35
45 14
25 6
38 40
2 27
9 2
9 39
48 23
39 27
19 15
27 44
35 6
0 19
10 23
31 29
17 14
9 37
28 24
5 49
47 10
2 21
7 21
0 16
32 31
15 21
29 45
45 48
39 19
46 28
12 16
11 3
0 44
17 28
48 10
13 20
28 23
43 36
46 35
48 32
12 4
12 27
19 12
34 30
45 29
47 25
43 26
31 10
28 24
36 29
26 33
1 45
21 2
2 37
36 31
38 18
43 46
22 11
21 40
30 23
15 16
32 26
26 29
1 34
21 16
11 37
8 32
3 44
0 7
23 8
34 48
21 19
12 0
6 43
34 8
18 3
34 32
40 44
13 4
32 17
22 9
9 18
7 15
9 20
18 3
46 23
19 7
15 19
19 13
0 3
5 20
16 13
27 49
33 43
12 49
45 23
15 19
45 1
48 14
35 47
23 17
27 44
5 42
33 25
0 12
30 25
12 0
26 41
33 14
45 48
39 5
25 6
35 32
11 38
27 49
15 38
15 22
39 22
5 3
9 20
11 22
39 15
4 27
40 4
5 49
1 35
19 42
43 26
46 35
19 44
12 40
39 2
13 44
8 45
17 41
1 47
43 26
6 10
41 32
29 23
40 39
27 16
31 14
22 20
18 4
40 3
39 9
11 27
45 48
4 16
2 19
37 11
8 30
37 19
7 37
23 32
15 39
6 10
16 11
17 33
25 30
19 27
5 16
9 44
17 23
19 5
31 32
27 3
18 7
14 6
21 44
22 7
42 12
3 27
16 3
48 24
37 15
0 15
8 14
5 27
11 4
9 2
17 34
20 27
2 19
47 33
39 40
17 47
26 32
25 36
2 3
9 22
1 34
5 18
6 45
46 48
28 17
30 17
49 16
37 13
9 2
20 19
39 21
42 12
47 24
48 26
15 4
43 10
39 21
8 36
48 10
17 29
5 11
8 1
17 45
14 47
13 22
22 44
19 4
28 31
41 30
36 10
8 34
25 14
8 1
29 47
9 38
42 12
16 11
25 36
7 22
10 26
40 38
35 33
33 14
18 12
29 43
36 29
42 22
25 17
23 28
42 20
26 28
1 28
14 24
47 26
9 37
38 40
30 25
18 37
17 24
25 26
40 37
6 29
21 37
25 23
30 41
34 17
4 22
13 22
18 20
45 28
35 23
9 27
5 9
29 34
3 5
32 43
39 18
13 44
8 47
15 49
32 30
8 43
15 12
39 18
33 41
7 40
33 17
18 4
13 37
27 9
5 27
16 0
37 4
27 2
6 45
31 10
25 28
33 32
18 13
1 45
40 5
34 45
16 5
46 29
40 11
4 39
9 49
35 43
42 16
35 1
20 3
13 18
40 21
37 13
47 26
16 37
26 6
19 3
37 9
16 37
16 38
13 9
0 7
39 49
15 49
13 22
12 15
46 31
47 29
3 37
16 2
0 11
19 20
13 39
12 7
49 9
27 49
27 16
14 30
17 48
0 18
5 16
39 44
7 4
0 9
16 38
25 35
6 28
23 48
38 2
30 14
46 8
5 37
25 26
23 48
8 14
19 9
32 34
17 41
30 33
21 0
19 37
3 0
33 25
35 29
36 45
45 24
38 5
39 37
13 16
33 6
45 35
6 10
46 23
9 12
26 28
31 34
34 32
49 7
18 40
33 36
48 24
30 17
1 34
2 12
1 10
45 29
7 27
34 31
39 7
31 35
21 9
12 2
27 42
30 28
17 24
25 28
49 22
36 6
13 27
6 8
19 37
4 0
42 19
45 23
42 4
30 47
30 31
1 24
31 36
26 30
35 31
38 20
16 15
7 22
26 47
13 9
38 12
42 5
7 21
18 11
23 47
2 18
37 27
18 9
36 23
13 39
13 11
46 17
9 15
22 18
18 40
38 44
13 2
9 11
39 27
9 0
27 5
49 44
8 32
12 20
7 4
38 49
19 22
20 40
40 16
1 26
32 30
7 11
45 25
42 38
2 5
0 5
17 41
5 49
34 32
18 27
42 27
25 35
24 8
1 34
15 22
29 30
13 38
47 14
42 49
33 25
7 5
43 17
30 41
16 44
45 6
8 45
31 28
6 47
19 38
26 25
47 28
37 2
36 48
16 42
1 28
27 3
39 12
38 49
3 19
9 40
26 46
8 23
39 4
21 13
19 21
35 25
45 35
29 34
18 13
7 40
5 39
45 10
37 7
33 1
8 48
15 0
37 39
27 19
47 30
25 48
18 44
42 12
2 0
49 13
8 34
25 47
44 4
45 48
11 39
13 40
40 22
35 45
40 21
4 7
23 35
7 38
13 16
25 47
42 40
37 20
8 26
1 6
1 31
25 24
25 32
12 2
32 30
18 20
7 22
26 45
33 17
31 33
8 28
29 31
44 37
35 41
2 21
34 29
13 19
30 8
16 2
13 18
35 30
6 31
11 5
13 21
47 25
17 30
4 0
23 43
28 23
45 29
39 4
34 35
35 23
1 10
15 12
42 9
17 14
35 43
11 4
19 15
32 34
25 24
21 15
45 14
13 4
7 49
40 22
22 39
37 15
23 29
29 1
31 32
37 44
18 27
28 34
20 38
6 34
18 23
36 23
28 25
33 45
5 15
24 5
25 26
26 44
31 26
12 46
17 26
47 30
41 22
26 46
44 48
3 48
17 23
46 21
1 17
42 43
39 30
41 38
19 24
30 38
26 35
27 14
45 39
27 10
47 16
30 5
40 5
45 1
0 4
34 8
7 14
16 22
32 49
24 15
1 36
14 24
46 4
32 35
26 18
1 27
16 31
35 1
37 22
45 36
6 12
15 23
31 3
2 25
8 10
19 8
27 16
40 16
28 6
0 4
49 35
19 18
12 26
6 18
3 5
44 0
8 48
32 2
34 15
42 15
26 47
43 5
44 0
21 16
38 6
2 15
36 37
41 14
31 3
9 14
32 43
31 27
3 5
3 2
24 25
29 21
39 4
42 11
21 17
27 44
37 44
10 39
12 15
9 28
3 17
7 22
24 20
21 46
9 22
14 17
3 10
5 47
42 27
31 14
9 39
0 38
36 24
27 43
43 26
2 22
20 34
46 12
34 19
45 17
13 12
24 28
11 41
38 40
44 41
4 8
33 21
13 48
24 8
34 1
36 15
21 19
11 14
9 4
30 36
0 20
40 31
31 2
47 21
2 19
49 43
3 20
20 4
45 40
16 29
43 28
28 32
44 1
46 22
4 35
12 33
3 4
36 7
48 11
16 44
24 0
27 41
16 27
12 43
45 41
18 14
26 0
33 11
13 7
49 2
16 14
30 9
7 11
39 23
1 42
15 29
4 16
13 2
20 44
4 8
44 23
17 27
8 29
14 32
42 1
24 38
31 28
17 30
10 40
27 46
5 49
3 40
4 42
36 12
45 19
13 6
30 38
26 30
15 8
19 49
32 43
40 46
16 8
33 24
42 40
10 32
14 5
30 23
16 49
18 30
10 16
41 0
19 28
34 12
32 34
33 16
26 24
39 37
48 7
48 47
44 21
3 6
32 9
21 31
40 41
10 31
40 33
38 47
35 39
36 15
14 5
24 6
49 38
10 19
30 9
49 36
34 39
28 16
16 0
48 41
30 32
25 28
2 18
41 44
42 25
42 48
49 46
18 8
30 14
37 45
19 11
47 9
13 28
23 32
10 25
49 20
17 10
47 33
47 6
48 18
7 3
18 32
33 34
0 35
11 35
46 14
32 40
29 31
44 47
3 19
27 42
10 12
17 44
1 32
49 36
13 19
42 39
14 26
49 21
17 13
31 49
10 47
9 30
41 49
11 7
21 36
19 29
39 5
49 32
19 4
10 48
6 24
24 33
48 3
2 26
9 2
32 0
13 42
14 33
25 23
45 16
26 49
28 3
32 25
2 11
35 6
35 11
7 40
9 0
45 31
7 3
19 49
22 8
20 34
7 43
1 12
39 45
40 35
3 13
38 41
0 47
28 44
9 35
31 37
41 26
24 33
48 40
20 31
38 40
7 35
11 34
28 22
30 31
36 2
45 23
3 9
13 10
4 7
18 46
23 1
42 8
46 41
32 28
16 38
37 39
15 38
25 10
23 27
38 13
14 29
9 25
0 36
30 16
47 41
27 35
14 12
47 32
26 39
30 23
32 39
41 32
11 12
44 15
30 9
39 15
44 31
21 0
27 28
5 10
49 22
37 42
32 7
18 34
32 15
9 8
1 6
2 26
6 31
13 9
2 8
43 41
13 21
17 11
27 47
25 19
33 22
11 38
46 8
14 6
42 33
43 2
24 27
5 16
15 37
0 4
48 7
24 40
26 42
13 41
9 31
44 0
27 44
49 18
4 12
1 41
1 32
12 31
33 48
11 41
3 45
23 10
6 20
13 4
24 3
8 36
5 17
47 28
36 42
22 14
40 24
22 36
1 44
12 30
43 33
9 1
19 28
44 19
43 7
13 45
39 19
33 32
2 11
10 45
9 21
42 19
42 37
41 23
0 13
30 28
47 8
15 17
7 13
21 6
7 11
45 25
7 44
27 41
35 45
33 49
8 13
43 1
37 11
3 14
32 43
1 32
2 45
32 31
9 10
43 46
46 14
41 6
8 10
42 47
3 4
37 16
13 5
25 23
9 38
27 25
18 36
29 25
39 8
19 23
14 2
24 1
34 16
36 12
42 32
0 4
1 5
4 12
33 4
4 28
7 24
35 21
29 13
14 35
46 27
9 22
48 20
35 2
46 14
5 10
48 49
22 31
36 9
36 2
8 18
19 47
20 2
2 30
26 46
30 46
32 26
37 35
14 34
32 25
14 36
17 20
1 34
18 31
48 29
36 3
14 11
42 5
14 33
25 45
47 24
36 48
12 43
15 45
23 40
10 48
5 25
5 9
2 7
12 18
20 12
47 31
38 41
29 40
4 29
27 8
13 36
32 12
40 13
34 32
34 33
31 14
10 21
16 46
1 7
35 8
42 28
17 40
21 8
37 43
33 11
35 14
44 18
27 6
8 20
23 35
35 46
22 10
25 28
22 37
25 20
47 30
49 8
29 26
3 13
42 12
24 31
38 46
2 9
19 10
13 27
39 12
10 32
18 36
29 7
0 16
8 45
48 45
4 32
45 36
16 8
3 15
18 40
19 31
39 23
20 38
39 22
34 16
31 43
12 13
36 17
40 39
35 30
25 29
32 17
49 29
44 20
36 43
6 13
10 25
1 7
28 19
22 49
16 29
48 37
3 6
6 11
27 16
25 11
14 32
17 47
41 32
31 21
20 36
16 19
31 27
25 49
20 6
19 38
19 17
36 47
22 29
24 45
45 12
38 43
43 4
13 25
21 41
8 15
29 38
32 26
44 13
13 20
45 39
22 33
19 6
16 7
22 17
8 23
37 41
6 26
3 6
45 36
30 37
6 12
41 23
47 39
18 0
48 45
7 37
26 47
16 37
45 2
41 20
5 8
19 7
2 38
36 14
18 23
0 10
48 27
16 41
4 11
41 31
32 48
10 32
3 7
46 32
26 23
47 1
25 27
25 40
21 44
45 15
19 24
11 14
16 3
32 16
48 32
43 13
38 43
20 48
14 32
32 35
35 23
45 31
0 32
40 0
49 36
45 7
9 5
22 14
3 35
15 35
28 6
2 18
1 33
16 25
23 7
37 46
44 18
20 31
12 20
16 4
41 14
37 27
0 42
25 47
25 39
13 41
26 24
18 9
41 23
1 34
10 29
30 8
32 6
18 33
13 41
39 8
39 42
36 8
42 27
34 47
3 30
24 40
15 18
49 36
44 26
49 45
33 38
45 49
34 45
7 15
33 27
45 29
25 31
46 29
2 20
15 13
7 23
5 20
20 38
18 22
0 8
41 25
35 4
14 9
14 44
32 36
25 13
43 32
38 40
8 34
46 49
25 43
35 20
37 8
25 43
41 16
13 40
10 39
3 24
26 12
31 39
0 21
31 19
16 41
28 18
16 2
48 2
48 25
1 24
33 15
28 39
1 6
39 15
25 7
28 29
28 20
36 47
36 37
46 26
7 45
33 15
16 27
37 49
18 47
10 48
21 31
30 19
12 29
20 26
36 17
32 24
38 20
7 17
13 43
8 16
29 16
18 11
14 10
41 16
1 5
26 10
37 19
4 24
41 45
24 3
20 24
10 24
33 39
8 9
6 30
1 24
10 21
22 34
32 37
18 12
18 35
8 43
29 41
43 14
47 1
31 49
41 44
33 39
29 26
25 0
22 7
29 23
2 37
0 29
33 41
5 6
17 33
39 5
10 27
19 32
29 17
41 37
40 22
13 5
16 19
29 5
26 21
42 25
18 46
10 23
28 33
32 11
23 26
13 31
12 45
47 18
43 40
3 37
17 42
4 1
13 10
18 0
12 43
10 28
40 39
20 29
1 18
39 14
7 39
45 23
46 10
41 37
27 25
49 46
32 34
8 14
32 14
19 26
44 13
46 37
11 23
8 1
28 15
35 5
7 46
44 39
44 41
23 45
21 38
47 6
25 23
1 27
15 4
2 30
8 31
34 42
13 41
43 17
22 23
10 0
39 15
48 19
40 47
20 33
18 33
21 9
46 7
30 9
18 11
34 5
9 32
1 37
39 6
25 0
14 36
30 44
36 14
37 3
12 46
43 25
30 12
14 26
16 7
28 34
23 36
33 18
35 47
22 25
39 15
34 22
9 29
12 38
28 42
13 18
21 12
6 18
14 4
26 43
36 28
25 11
9 4
3 9
10 37
17 31
28 32
19 0
42 19
20 15
5 28
25 33
43 14
41 25
38 44
9 32
41 6
11 15
10 40
26 5
26 7
21 37
47 34
25 29
9 23
7 24
6 37
11 5
37 29
46 41
11 16
30 22
14 11
5 32
4 9
9 23
31 4
7 22
3 35
34 32
35 42
47 28
15 40
21 0
10 28
9 47
31 35
30 41
31 18
25 5
29 31
26 41
5 39
21 20
35 4
33 30
38 22
18 32
29 37
36 16
35 4
43 34
13 6
25 29
45 46
24 40
24 9
7 5
4 30
17 25
12 21
0 16
46 45
10 0
42 25
5 10
11 44
0 40
3 38
32 31
37 11
24 2
12 25
8 42
0 23
34 47
39 13
44 21
35 33
1 32
27 49
38 4
11 16
3 19
25 9
17 27
5 22
21 23
9 0
18 4
16 7
47 39
46 16
37 36
28 27
10 5
14 7
20 36
6 30
14 25
33 2
37 43
21 5
13 34
33 43
0 19
20 23
45 38
15 37
14 33
30 47
31 14
21 34
26 32
9 26
19 2
2 5
16 2
34 6
39 16
27 12
38 28
42 33
35 0
48 21
1 15
13 49
19 25
25 19
8 11
14 27
43 16
48 2
43 46
35 40
28 5
41 23
46 49
39 16
22 15
10 42
13 27
9 29
18 24
45 28
39 42
13 36
42 4
30 20
39 44
17 42
2 20
7 20
33 6
1 0
8 48
18 10
39 18
4 2
5 17
14 17
4 47
4 6
44 48
4 31
43 15
35 20
14 35
7 14
18 47
47 40
20 46
29 6
11 40
40 3
32 9
27 28
17 44
32 31
6 4
5 49
25 42
43 47
32 31
0 20
9 6
13 10
23 4
0 49
14 17
38 27
32 12
32 28
35 45
47 42
13 30
28 3
19 49
41 37
49 19
7 19
