60 5
39 58
8 57
44 9
44 13
44 16
44 52
44 47
44 15
44 35
57 58
13 52
13 30
24 59
47 35
47 2
52 15
52 3
3 2
33 51
33 59
42 25
59 53
18 12
16 47
16 26
49 31
49 1
49 33
49 36
49 51
49 29
49 14
7 53
46 8
12 19
19 57
15 18
1 36
1 24
2 37
55 7
37 19
26 37
29 45
17 21
5 39
23 54
23 42
36 29
36 55
56 54
51 14
51 7
45 46
31 24
31 55
31 45
35 12
10 56
10 23
10 17
54 39
53 8
9 30
9 3
9 18
21 5
25 5
30 26
14 46
34 50
20 32
50 20
27 41
48 6
48 4
43 11
43 48
43 27
22 28
22 40
11 6
28 38
38 32
40 38
41 50
4 34
6 20
58 60
32 60
