75 84
1 16
1 53
1 29
1 19
1 11
1 4
1 3
1 2
2 55
3 35
3 38
3 15
4 8
4 14
4 9
4 7
4 5
5 30
5 43
5 21
5 16
5 8
5 6
6 24
6 28
6 17
7 29
7 48
7 39
7 36
8 9
8 55
8 18
8 10
9 56
9 37
9 24
9 23
10 42
10 13
11 35
11 12
12 39
12 27
13 67
13 71
13 25
14 62
14 51
14 32
15 24
16 41
16 26
16 20
17 70
17 22
18 27
19 67
20 36
20 49
20 34
20 33
21 55
21 42
22 35
22 68
22 62
22 50
22 45
23 47
23 74
23 35
24 25
24 40
25 71
25 63
25 30
26 29
27 71
27 52
28 32
28 31
29 58
29 44
30 70
30 47
31 75
31 66
32 60
32 58
32 54
33 53
33 56
33 41
34 61
34 67
35 69
36 48
37 60
37 65
37 59
38 74
39 68
40 49
40 61
41 65
41 57
42 59
43 68
43 46
44 57
45 55
46 55
47 50
47 70
48 69
49 52
50 69
51 64
51 60
52 54
53 66
53 69
54 57
55 72
56 64
57 66
58 66
59 74
59 72
60 64
61 64
62 71
63 68
64 69
65 72
66 70
67 72
68 75
69 73
70 74
71 74
72 75
72 73
73 74
74 75
