50 11
1 5
1 49
1 48
1 40
1 38
1 37
1 31
1 27
1 21
1 19
1 11
1 4
1 2
2 5
2 50
2 47
2 36
2 35
2 34
2 29
2 13
2 12
2 10
2 8
2 3
3 23
3 30
3 18
3 9
3 7
3 6
4 8
4 42
4 39
4 20
4 5
5 7
5 46
5 44
5 43
5 41
5 33
5 28
5 26
5 16
5 15
5 14
6 45
6 25
7 25
7 9
8 11
9 41
9 22
10 12
10 24
11 25
11 16
12 16
13 14
13 32
14 50
14 45
15 18
15 17
16 17
17 22
18 21
19 23
20 25
20 22
21 23
22 23
23 27
24 28
25 36
25 29
26 31
27 32
28 33
29 37
30 34
31 35
32 34
33 37
34 38
35 36
36 37
37 40
38 46
39 42
40 41
41 43
42 49
43 50
44 45
45 47
46 47
47 50
48 50
49 50
