200 29
1 2
1 200
1 199
1 185
1 182
1 176
1 175
1 169
1 166
1 160
1 159
1 155
1 139
1 137
1 130
1 125
1 116
1 112
1 106
1 104
1 94
1 90
1 89
1 88
1 85
1 82
1 73
1 67
1 63
1 60
1 58
1 56
1 41
1 29
1 23
1 13
1 3
2 6
2 187
2 186
2 184
2 180
2 168
2 167
2 162
2 161
2 142
2 136
2 127
2 117
2 114
2 109
2 96
2 86
2 83
2 81
2 71
2 69
2 59
2 55
2 51
2 48
2 46
2 40
2 36
2 27
2 21
2 15
2 11
2 10
2 5
2 4
3 6
3 195
3 194
3 179
3 165
3 152
3 149
3 143
3 141
3 138
3 131
3 122
3 118
3 113
3 111
3 87
3 79
3 78
3 68
3 66
3 64
3 62
3 57
3 54
3 31
3 24
3 17
3 12
3 7
4 9
4 198
4 193
4 191
4 190
4 189
4 177
4 173
4 172
4 170
4 164
4 163
4 158
4 154
4 150
4 146
4 145
4 134
4 123
4 107
4 100
4 91
4 80
4 74
4 65
4 61
4 45
4 44
4 26
4 25
4 20
4 19
4 18
4 14
4 6
5 10
5 197
5 192
5 188
5 178
5 157
5 153
5 151
5 135
5 132
5 115
5 110
5 108
5 102
5 101
5 99
5 98
5 97
5 72
5 70
5 53
5 52
5 50
5 39
5 38
5 35
5 33
5 32
5 30
5 22
5 16
5 8
6 7
6 95
7 145
8 9
9 14
10 15
11 23
12 14
13 141
13 34
13 28
14 132
15 18
15 120
16 112
17 97
17 18
18 23
18 75
19 20
20 21
21 190
21 49
21 42
22 184
22 43
23 26
23 148
24 97
24 172
25 28
26 30
27 61
27 47
28 31
29 30
30 31
31 33
32 162
33 34
33 37
34 116
35 65
36 39
37 39
38 82
38 84
38 76
39 44
39 92
40 97
40 44
41 43
42 97
42 53
43 48
43 174
44 75
45 49
46 145
46 196
46 133
47 185
47 128
48 52
48 103
49 52
50 53
51 52
52 54
53 161
53 124
54 55
55 66
56 97
56 58
57 61
58 59
59 97
59 61
60 64
61 97
61 65
62 97
62 64
63 71
64 67
65 67
66 71
66 77
67 68
67 129
68 70
69 70
70 97
70 138
70 105
70 93
71 76
72 97
72 73
73 109
74 76
75 198
75 156
76 80
77 189
77 144
78 80
79 83
79 181
80 84
80 121
81 97
81 85
82 87
83 87
84 85
85 97
85 86
86 156
87 92
88 91
89 91
90 94
91 181
92 97
92 95
93 98
94 97
94 99
95 99
96 97
97 99
97 112
97 146
97 150
97 168
97 171
97 180
97 183
98 100
99 166
100 147
101 104
102 107
102 119
103 107
104 106
105 107
106 195
107 109
108 116
109 140
110 114
111 114
112 113
113 117
113 171
114 118
115 119
116 117
117 118
118 153
119 200
119 140
120 123
121 125
122 123
122 126
123 127
124 126
125 130
126 198
127 130
128 131
129 134
130 135
131 132
131 147
132 135
133 137
134 173
135 138
136 138
137 186
138 139
139 144
140 143
140 183
141 151
142 198
143 148
144 149
145 149
146 162
147 152
148 173
149 163
150 153
151 154
152 156
153 157
154 159
155 159
156 157
157 160
158 187
159 161
160 161
161 186
162 166
163 166
164 170
165 166
166 171
167 187
168 171
169 173
170 173
171 176
172 175
173 178
174 176
175 176
176 181
177 188
178 197
179 184
180 182
181 183
182 184
183 185
184 188
185 189
186 191
187 188
188 191
189 190
190 199
191 195
192 194
193 198
194 198
195 198
196 200
197 198
198 200
199 200
