125 17
1 6
1 120
1 118
1 115
1 114
1 100
1 98
1 84
1 70
1 64
1 52
1 38
1 13
1 2
2 4
2 123
2 122
2 119
2 116
2 109
2 102
2 80
2 76
2 75
2 72
2 68
2 66
2 63
2 39
2 31
2 28
2 22
2 18
2 17
2 11
2 6
2 3
3 8
3 125
3 112
3 111
3 94
3 86
3 57
3 55
3 51
3 48
3 45
3 41
3 37
3 36
3 26
3 19
3 16
3 12
3 9
3 5
4 5
4 117
4 110
4 108
4 107
4 104
4 99
4 93
4 91
4 90
4 89
4 78
4 71
4 62
4 53
4 49
4 47
4 44
4 43
4 42
4 33
4 32
4 30
4 27
4 23
4 21
4 20
4 14
4 7
5 107
5 106
5 103
5 97
5 92
5 87
5 85
5 81
5 65
5 54
5 40
5 35
5 10
6 7
6 8
7 46
7 12
7 59
7 15
8 11
9 10
9 77
10 13
11 14
11 56
12 21
12 46
13 46
13 16
14 108
14 101
15 39
15 82
16 21
16 96
17 22
18 117
18 24
19 22
20 46
20 117
20 67
21 45
22 25
22 73
23 25
24 55
25 29
26 30
26 95
27 28
28 31
28 50
28 29
29 30
30 34
31 33
31 34
32 35
33 36
33 79
33 61
34 39
35 40
36 39
37 41
38 40
39 43
39 58
40 43
41 45
42 43
43 45
44 45
45 46
46 49
46 64
46 66
46 81
46 87
46 93
46 94
46 99
46 106
46 119
46 120
46 51
47 97
48 49
49 72
49 74
50 55
51 56
51 69
52 56
53 56
54 59
54 60
55 56
55 105
56 60
57 61
58 63
59 64
60 86
60 83
61 101
62 65
63 68
64 67
65 123
66 69
67 72
68 73
69 71
70 71
71 72
72 76
73 74
74 78
75 76
76 80
76 88
77 78
78 82
78 124
79 84
80 82
81 83
82 85
83 84
84 85
85 88
86 87
87 89
88 92
89 92
90 95
91 104
92 95
93 96
94 98
95 98
95 121
96 101
97 101
98 99
99 102
100 101
101 102
101 113
102 107
103 106
104 105
105 119
106 109
107 112
108 112
109 112
110 115
111 112
112 116
113 117
114 119
115 117
116 118
117 119
118 119
119 123
120 123
121 124
122 124
123 124
124 125
