75 15
1 3
1 74
1 71
1 66
1 63
1 52
1 45
1 39
1 34
1 26
1 18
1 16
1 14
1 13
1 9
1 5
1 2
2 7
2 75
2 73
2 68
2 67
2 61
2 56
2 55
2 49
2 47
2 33
2 32
3 4
3 70
3 53
3 44
3 43
3 42
3 41
3 38
3 30
3 29
3 28
3 24
3 20
3 12
4 9
4 65
4 64
4 62
4 59
4 54
4 37
4 23
4 10
4 8
5 47
5 60
5 46
5 40
5 36
5 35
5 21
5 15
5 6
6 34
6 31
6 7
7 12
7 17
8 13
8 22
9 29
9 19
10 15
10 27
10 11
11 12
11 51
12 14
13 25
13 58
13 50
14 16
15 25
16 19
17 18
18 21
19 40
20 21
21 26
22 23
23 24
23 30
23 42
23 46
23 52
23 53
23 59
23 64
23 68
23 25
24 28
25 29
26 30
27 30
28 50
29 30
30 32
31 33
32 59
33 35
34 39
35 54
36 40
37 40
38 42
39 40
40 59
41 45
42 46
43 46
43 72
43 57
44 49
45 49
46 50
46 48
47 51
48 62
49 52
50 54
51 54
52 55
53 54
54 69
55 59
56 69
57 62
58 62
59 66
60 64
61 63
62 67
63 67
64 75
65 68
65 69
66 68
67 69
68 73
69 74
70 71
71 75
72 74
73 75
74 75
