200 169
1 99
1 103
1 77
1 37
1 6
1 3
1 2
2 193
2 51
2 4
3 110
3 119
3 40
3 30
4 193
4 169
4 96
4 21
4 8
4 7
4 5
5 163
5 14
6 70
6 117
6 13
7 99
7 53
7 34
7 22
8 14
8 147
8 91
8 23
8 9
9 187
9 170
9 111
9 71
9 42
9 33
9 18
9 10
10 47
10 104
10 95
10 52
10 50
10 17
10 12
10 11
11 21
11 189
11 49
11 31
11 15
12 130
12 139
12 89
12 57
12 46
12 20
13 139
13 61
13 36
13 16
14 103
14 126
14 109
14 32
14 29
15 48
15 174
15 82
15 25
16 172
16 162
16 102
16 56
16 27
16 19
17 128
18 142
19 159
19 48
19 38
19 24
20 82
20 120
20 72
21 97
21 98
21 54
22 124
22 144
22 60
22 47
23 110
24 73
24 28
25 29
25 107
25 93
25 45
25 26
26 69
26 136
26 43
26 39
27 93
27 58
27 44
28 182
28 106
29 77
29 70
29 64
29 41
29 35
30 160
30 181
31 58
31 158
31 84
32 199
32 69
33 45
33 90
34 73
34 86
34 79
35 81
36 60
37 67
37 132
38 107
39 120
39 108
39 92
40 162
40 59
41 98
41 85
41 68
42 180
42 66
43 74
43 182
44 182
44 163
44 146
44 74
45 150
46 147
47 133
47 88
48 179
48 65
49 191
49 62
50 166
50 142
50 63
51 199
51 190
52 149
52 75
52 55
53 173
53 83
54 140
54 105
55 71
55 116
55 80
56 75
57 88
58 123
59 137
59 127
59 118
60 139
60 67
61 149
61 167
61 94
62 180
62 81
63 105
63 196
64 109
64 123
65 80
65 172
65 137
65 76
66 195
66 194
67 151
67 115
68 147
68 156
69 155
70 200
70 153
70 87
70 73
71 158
71 143
71 78
72 106
72 124
73 155
73 128
74 81
75 178
76 89
77 165
77 161
78 87
79 181
79 101
80 90
81 163
81 193
82 141
82 192
82 160
82 145
82 122
82 113
83 137
83 152
84 139
85 121
85 100
86 198
86 154
87 142
87 97
88 131
88 177
89 128
89 149
90 200
90 199
91 128
91 179
92 165
92 173
92 151
93 162
93 175
94 117
95 197
95 148
96 196
96 114
97 137
98 107
98 99
99 157
99 186
100 168
101 135
102 118
102 135
102 121
103 124
104 163
104 157
104 134
104 110
105 140
105 198
105 112
106 185
106 184
107 148
107 171
108 169
109 170
109 191
109 180
110 168
111 136
112 134
113 198
113 138
114 200
114 159
115 151
116 180
116 131
116 129
117 131
117 165
118 140
119 144
120 175
120 166
120 125
121 196
122 172
122 133
123 174
124 199
124 176
125 172
126 192
127 141
127 130
128 181
129 156
130 139
131 188
132 187
133 183
133 150
134 186
135 146
135 187
136 161
137 173
137 197
137 141
138 175
138 183
138 140
139 194
140 193
140 195
141 193
141 155
142 199
143 181
144 164
145 193
146 191
147 177
148 193
148 188
149 174
150 198
151 165
152 183
153 173
153 168
154 183
155 187
156 190
157 192
157 185
158 168
159 163
160 180
160 164
161 182
162 163
163 192
164 166
165 169
166 168
167 174
168 187
169 196
170 199
171 184
172 173
172 178
173 174
174 194
175 185
176 191
177 178
178 186
179 194
180 200
181 195
182 194
183 198
184 192
185 198
186 189
187 200
188 193
189 192
190 196
191 193
192 195
193 198
193 200
194 200
195 199
196 198
197 198
198 199
199 200
